Vri,Detector,longitude,latitude,Datum,Uur,Waarde
1,1.2,5.14429327051725,52.0955725472742,2015-01-01,0,5
1,1.2,5.14429327051725,52.0955725472742,2015-01-01,1,0
1,1.2,5.14429327051725,52.0955725472742,2015-01-01,2,32
1,1.2,5.14429327051725,52.0955725472742,2015-01-01,3,13
1,1.2,5.14429327051725,52.0955725472742,2015-01-01,4,9
1,1.2,5.14429327051725,52.0955725472742,2015-01-01,5,7
1,1.2,5.14429327051725,52.0955725472742,2015-01-01,6,6
1,1.2,5.14429327051725,52.0955725472742,2015-01-01,7,14
1,1.2,5.14429327051725,52.0955725472742,2015-01-01,8,4
1,1.2,5.14429327051725,52.0955725472742,2015-01-01,9,15
1,1.2,5.14429327051725,52.0955725472742,2015-01-01,10,14
1,1.2,5.14429327051725,52.0955725472742,2015-01-01,11,53
1,1.2,5.14429327051725,52.0955725472742,2015-01-01,12,59
1,1.2,5.14429327051725,52.0955725472742,2015-01-01,13,53
1,1.2,5.14429327051725,52.0955725472742,2015-01-01,14,102
1,1.2,5.14429327051725,52.0955725472742,2015-01-01,15,91
1,1.2,5.14429327051725,52.0955725472742,2015-01-01,16,89
1,1.2,5.14429327051725,52.0955725472742,2015-01-01,17,63
1,1.2,5.14429327051725,52.0955725472742,2015-01-01,18,30
1,1.2,5.14429327051725,52.0955725472742,2015-01-01,19,38
1,1.2,5.14429327051725,52.0955725472742,2015-01-01,20,32
1,1.2,5.14429327051725,52.0955725472742,2015-01-01,21,23
1,1.2,5.14429327051725,52.0955725472742,2015-01-01,22,24
1,1.2,5.14429327051725,52.0955725472742,2015-01-01,23,19
1,1.2,5.14429327051725,52.0955725472742,2015-01-02,0,21
1,1.2,5.14429327051725,52.0955725472742,2015-01-02,1,0
1,1.2,5.14429327051725,52.0955725472742,2015-01-02,2,5
1,1.2,5.14429327051725,52.0955725472742,2015-01-02,4,2
1,1.2,5.14429327051725,52.0955725472742,2015-01-02,5,5
1,1.2,5.14429327051725,52.0955725472742,2015-01-02,6,23
1,1.2,5.14429327051725,52.0955725472742,2015-01-02,7,35
1,1.2,5.14429327051725,52.0955725472742,2015-01-02,8,55
1,1.2,5.14429327051725,52.0955725472742,2015-01-02,9,51
1,1.2,5.14429327051725,52.0955725472742,2015-01-02,10,75
1,1.2,5.14429327051725,52.0955725472742,2015-01-02,11,89
1,1.2,5.14429327051725,52.0955725472742,2015-01-02,12,92
1,1.2,5.14429327051725,52.0955725472742,2015-01-02,13,123
1,1.2,5.14429327051725,52.0955725472742,2015-01-02,14,117
1,1.2,5.14429327051725,52.0955725472742,2015-01-02,15,106
1,1.2,5.14429327051725,52.0955725472742,2015-01-02,16,127
1,1.2,5.14429327051725,52.0955725472742,2015-01-02,17,129
1,1.2,5.14429327051725,52.0955725472742,2015-01-02,18,96
1,1.2,5.14429327051725,52.0955725472742,2015-01-02,19,81
1,1.2,5.14429327051725,52.0955725472742,2015-01-02,20,49
1,1.2,5.14429327051725,52.0955725472742,2015-01-02,21,49
1,1.2,5.14429327051725,52.0955725472742,2015-01-02,22,28
1,1.2,5.14429327051725,52.0955725472742,2015-01-02,23,27
1,1.2,5.14429327051725,52.0955725472742,2015-01-04,0,12
1,1.2,5.14429327051725,52.0955725472742,2015-01-04,1,0
1,1.2,5.14429327051725,52.0955725472742,2015-01-04,2,5
1,1.2,5.14429327051725,52.0955725472742,2015-01-04,3,7
1,1.2,5.14429327051725,52.0955725472742,2015-01-04,4,4
1,1.2,5.14429327051725,52.0955725472742,2015-01-04,5,5
1,1.2,5.14429327051725,52.0955725472742,2015-01-04,6,10
1,1.2,5.14429327051725,52.0955725472742,2015-01-04,7,6
1,1.2,5.14429327051725,52.0955725472742,2015-01-04,8,24
1,1.2,5.14429327051725,52.0955725472742,2015-01-04,9,44
1,1.2,5.14429327051725,52.0955725472742,2015-01-04,10,60
1,1.2,5.14429327051725,52.0955725472742,2015-01-04,11,63
1,1.2,5.14429327051725,52.0955725472742,2015-01-04,12,86
1,1.2,5.14429327051725,52.0955725472742,2015-01-04,13,91
1,1.2,5.14429327051725,52.0955725472742,2015-01-04,14,135
1,1.2,5.14429327051725,52.0955725472742,2015-01-04,15,110
1,1.2,5.14429327051725,52.0955725472742,2015-01-04,16,101
1,1.2,5.14429327051725,52.0955725472742,2015-01-04,17,83
1,1.2,5.14429327051725,52.0955725472742,2015-01-04,18,62
1,1.2,5.14429327051725,52.0955725472742,2015-01-04,19,48
1,1.2,5.14429327051725,52.0955725472742,2015-01-04,20,50
1,1.2,5.14429327051725,52.0955725472742,2015-01-04,21,35
1,1.2,5.14429327051725,52.0955725472742,2015-01-04,22,41
1,1.2,5.14429327051725,52.0955725472742,2015-01-04,23,10
1,1.2,5.14429327051725,52.0955725472742,2015-01-05,0,5
1,1.2,5.14429327051725,52.0955725472742,2015-01-05,1,0
1,1.2,5.14429327051725,52.0955725472742,2015-01-05,2,2
1,1.2,5.14429327051725,52.0955725472742,2015-01-05,3,10
1,1.2,5.14429327051725,52.0955725472742,2015-01-05,5,11
1,1.2,5.14429327051725,52.0955725472742,2015-01-05,6,81
1,1.2,5.14429327051725,52.0955725472742,2015-01-05,7,154
1,1.2,5.14429327051725,52.0955725472742,2015-01-05,8,184
1,1.2,5.14429327051725,52.0955725472742,2015-01-05,9,108
1,1.2,5.14429327051725,52.0955725472742,2015-01-05,10,80
1,1.2,5.14429327051725,52.0955725472742,2015-01-05,11,81
1,1.2,5.14429327051725,52.0955725472742,2015-01-05,12,102
1,1.2,5.14429327051725,52.0955725472742,2015-01-05,13,110
1,1.2,5.14429327051725,52.0955725472742,2015-01-05,14,124
1,1.2,5.14429327051725,52.0955725472742,2015-01-05,15,140
1,1.2,5.14429327051725,52.0955725472742,2015-01-05,16,244
1,1.2,5.14429327051725,52.0955725472742,2015-01-05,17,247
1,1.2,5.14429327051725,52.0955725472742,2015-01-05,18,133
1,1.2,5.14429327051725,52.0955725472742,2015-01-05,19,71
1,1.2,5.14429327051725,52.0955725472742,2015-01-05,20,47
1,1.2,5.14429327051725,52.0955725472742,2015-01-05,21,45
1,1.2,5.14429327051725,52.0955725472742,2015-01-05,22,31
1,1.2,5.14429327051725,52.0955725472742,2015-01-05,23,23
1,1.2,5.14429327051725,52.0955725472742,2015-01-06,0,13
1,1.2,5.14429327051725,52.0955725472742,2015-01-06,1,0
1,1.2,5.14429327051725,52.0955725472742,2015-01-06,2,7
1,1.2,5.14429327051725,52.0955725472742,2015-01-06,3,10
1,1.2,5.14429327051725,52.0955725472742,2015-01-06,4,5
1,1.2,5.14429327051725,52.0955725472742,2015-01-06,5,11
1,1.2,5.14429327051725,52.0955725472742,2015-01-06,6,78
1,1.2,5.14429327051725,52.0955725472742,2015-01-06,7,158
1,1.2,5.14429327051725,52.0955725472742,2015-01-06,8,191
1,1.2,5.14429327051725,52.0955725472742,2015-01-06,9,106
1,1.2,5.14429327051725,52.0955725472742,2015-01-06,10,92
1,1.2,5.14429327051725,52.0955725472742,2015-01-06,11,124
1,1.2,5.14429327051725,52.0955725472742,2015-01-06,12,111
1,1.2,5.14429327051725,52.0955725472742,2015-01-06,13,123
1,1.2,5.14429327051725,52.0955725472742,2015-01-06,14,135
1,1.2,5.14429327051725,52.0955725472742,2015-01-06,15,157
1,1.2,5.14429327051725,52.0955725472742,2015-01-06,16,235
1,1.2,5.14429327051725,52.0955725472742,2015-01-06,17,306
1,1.2,5.14429327051725,52.0955725472742,2015-01-06,18,163
1,1.2,5.14429327051725,52.0955725472742,2015-01-06,19,92
1,1.2,5.14429327051725,52.0955725472742,2015-01-06,20,65
1,1.2,5.14429327051725,52.0955725472742,2015-01-06,21,41
1,1.2,5.14429327051725,52.0955725472742,2015-01-06,22,43
1,1.2,5.14429327051725,52.0955725472742,2015-01-06,23,20
1,1.2,5.14429327051725,52.0955725472742,2015-01-07,0,11
1,1.2,5.14429327051725,52.0955725472742,2015-01-07,1,0
1,1.2,5.14429327051725,52.0955725472742,2015-01-07,2,2
1,1.2,5.14429327051725,52.0955725472742,2015-01-07,3,11
1,1.2,5.14429327051725,52.0955725472742,2015-01-07,4,3
1,1.2,5.14429327051725,52.0955725472742,2015-01-07,5,8
1,1.2,5.14429327051725,52.0955725472742,2015-01-07,6,101
1,1.2,5.14429327051725,52.0955725472742,2015-01-07,7,143
1,1.2,5.14429327051725,52.0955725472742,2015-01-07,8,165
1,1.2,5.14429327051725,52.0955725472742,2015-01-07,9,108
1,1.2,5.14429327051725,52.0955725472742,2015-01-07,10,100
1,1.2,5.14429327051725,52.0955725472742,2015-01-07,11,110
1,1.2,5.14429327051725,52.0955725472742,2015-01-07,12,138
1,1.2,5.14429327051725,52.0955725472742,2015-01-07,13,127
1,1.2,5.14429327051725,52.0955725472742,2015-01-07,14,145
1,1.2,5.14429327051725,52.0955725472742,2015-01-07,15,148
1,1.2,5.14429327051725,52.0955725472742,2015-01-07,16,227
1,1.2,5.14429327051725,52.0955725472742,2015-01-07,17,233
1,1.2,5.14429327051725,52.0955725472742,2015-01-07,18,116
1,1.2,5.14429327051725,52.0955725472742,2015-01-07,19,72
1,1.2,5.14429327051725,52.0955725472742,2015-01-07,20,57
1,1.2,5.14429327051725,52.0955725472742,2015-01-07,21,69
1,1.2,5.14429327051725,52.0955725472742,2015-01-07,22,41
1,1.2,5.14429327051725,52.0955725472742,2015-01-07,23,24
1,1.2,5.14429327051725,52.0955725472742,2015-01-08,0,8
1,1.2,5.14429327051725,52.0955725472742,2015-01-08,1,0
1,1.2,5.14429327051725,52.0955725472742,2015-01-08,2,6
1,1.2,5.14429327051725,52.0955725472742,2015-01-08,3,3
1,1.2,5.14429327051725,52.0955725472742,2015-01-08,4,3
1,1.2,5.14429327051725,52.0955725472742,2015-01-08,5,13
1,1.2,5.14429327051725,52.0955725472742,2015-01-08,6,78
1,1.2,5.14429327051725,52.0955725472742,2015-01-08,7,157
1,1.2,5.14429327051725,52.0955725472742,2015-01-08,8,214
1,1.2,5.14429327051725,52.0955725472742,2015-01-08,9,127
1,1.2,5.14429327051725,52.0955725472742,2015-01-08,10,101
1,1.2,5.14429327051725,52.0955725472742,2015-01-08,11,95
1,1.2,5.14429327051725,52.0955725472742,2015-01-08,12,132
1,1.2,5.14429327051725,52.0955725472742,2015-01-08,13,112
1,1.2,5.14429327051725,52.0955725472742,2015-01-08,14,148
1,1.2,5.14429327051725,52.0955725472742,2015-01-08,15,147
1,1.2,5.14429327051725,52.0955725472742,2015-01-08,16,225
1,1.2,5.14429327051725,52.0955725472742,2015-01-08,17,317
1,1.2,5.14429327051725,52.0955725472742,2015-01-08,18,177
1,1.2,5.14429327051725,52.0955725472742,2015-01-08,19,100
1,1.2,5.14429327051725,52.0955725472742,2015-01-08,20,73
1,1.2,5.14429327051725,52.0955725472742,2015-01-08,21,45
1,1.2,5.14429327051725,52.0955725472742,2015-01-08,22,42
1,1.2,5.14429327051725,52.0955725472742,2015-01-08,23,19
1,1.2,5.14429327051725,52.0955725472742,2015-01-09,0,27
1,1.2,5.14429327051725,52.0955725472742,2015-01-09,1,0
1,1.2,5.14429327051725,52.0955725472742,2015-01-09,2,1
1,1.2,5.14429327051725,52.0955725472742,2015-01-09,4,4
1,1.2,5.14429327051725,52.0955725472742,2015-01-09,5,3
1,1.2,5.14429327051725,52.0955725472742,2015-01-09,6,60
1,1.2,5.14429327051725,52.0955725472742,2015-01-09,7,119
1,1.2,5.14429327051725,52.0955725472742,2015-01-09,8,173
1,1.2,5.14429327051725,52.0955725472742,2015-01-09,9,103
1,1.2,5.14429327051725,52.0955725472742,2015-01-09,10,98
1,1.2,5.14429327051725,52.0955725472742,2015-01-09,11,129
1,1.2,5.14429327051725,52.0955725472742,2015-01-09,12,117
1,1.2,5.14429327051725,52.0955725472742,2015-01-09,13,111
1,1.2,5.14429327051725,52.0955725472742,2015-01-09,14,141
1,1.2,5.14429327051725,52.0955725472742,2015-01-09,15,154
1,1.2,5.14429327051725,52.0955725472742,2015-01-09,16,225
1,1.2,5.14429327051725,52.0955725472742,2015-01-09,17,247
1,1.2,5.14429327051725,52.0955725472742,2015-01-09,18,146
1,1.2,5.14429327051725,52.0955725472742,2015-01-09,19,70
1,1.2,5.14429327051725,52.0955725472742,2015-01-09,20,56
1,1.2,5.14429327051725,52.0955725472742,2015-01-09,21,39
1,1.2,5.14429327051725,52.0955725472742,2015-01-09,22,34
1,1.2,5.14429327051725,52.0955725472742,2015-01-09,23,26
1,1.2,5.14429327051725,52.0955725472742,2015-01-10,0,15
1,1.2,5.14429327051725,52.0955725472742,2015-01-10,1,0
1,1.2,5.14429327051725,52.0955725472742,2015-01-10,2,7
1,1.2,5.14429327051725,52.0955725472742,2015-01-10,3,7
1,1.2,5.14429327051725,52.0955725472742,2015-01-10,4,3
1,1.2,5.14429327051725,52.0955725472742,2015-01-10,5,3
1,1.2,5.14429327051725,52.0955725472742,2015-01-10,6,9
1,1.2,5.14429327051725,52.0955725472742,2015-01-10,7,15
1,1.2,5.14429327051725,52.0955725472742,2015-01-10,8,41
1,1.2,5.14429327051725,52.0955725472742,2015-01-10,9,52
1,1.2,5.14429327051725,52.0955725472742,2015-01-10,10,84
1,1.2,5.14429327051725,52.0955725472742,2015-01-10,11,98
1,1.2,5.14429327051725,52.0955725472742,2015-01-10,12,98
1,1.2,5.14429327051725,52.0955725472742,2015-01-10,13,130
1,1.2,5.14429327051725,52.0955725472742,2015-01-10,14,134
1,1.2,5.14429327051725,52.0955725472742,2015-01-10,15,120
1,1.2,5.14429327051725,52.0955725472742,2015-01-10,16,107
1,1.2,5.14429327051725,52.0955725472742,2015-01-10,17,87
1,1.2,5.14429327051725,52.0955725472742,2015-01-10,18,75
1,1.2,5.14429327051725,52.0955725472742,2015-01-10,19,46
1,1.2,5.14429327051725,52.0955725472742,2015-01-10,20,34
1,1.2,5.14429327051725,52.0955725472742,2015-01-10,21,35
1,1.2,5.14429327051725,52.0955725472742,2015-01-10,22,34
1,1.2,5.14429327051725,52.0955725472742,2015-01-10,23,29
1,1.2,5.14429327051725,52.0955725472742,2015-01-11,0,11
1,1.2,5.14429327051725,52.0955725472742,2015-01-11,1,0
1,1.2,5.14429327051725,52.0955725472742,2015-01-11,2,8
1,1.2,5.14429327051725,52.0955725472742,2015-01-11,3,9
1,1.2,5.14429327051725,52.0955725472742,2015-01-11,4,4
1,1.2,5.14429327051725,52.0955725472742,2015-01-11,5,6
1,1.2,5.14429327051725,52.0955725472742,2015-01-11,6,3
1,1.2,5.14429327051725,52.0955725472742,2015-01-11,7,8
1,1.2,5.14429327051725,52.0955725472742,2015-01-11,8,11
1,1.2,5.14429327051725,52.0955725472742,2015-01-11,9,17
1,1.2,5.14429327051725,52.0955725472742,2015-01-11,10,52
1,1.2,5.14429327051725,52.0955725472742,2015-01-11,11,61
1,1.2,5.14429327051725,52.0955725472742,2015-01-11,12,80
1,1.2,5.14429327051725,52.0955725472742,2015-01-11,13,102
1,1.2,5.14429327051725,52.0955725472742,2015-01-11,14,103
1,1.2,5.14429327051725,52.0955725472742,2015-01-11,15,115
1,1.2,5.14429327051725,52.0955725472742,2015-01-11,16,104
1,1.2,5.14429327051725,52.0955725472742,2015-01-11,17,85
1,1.2,5.14429327051725,52.0955725472742,2015-01-11,18,54
1,1.2,5.14429327051725,52.0955725472742,2015-01-11,19,39
1,1.2,5.14429327051725,52.0955725472742,2015-01-11,20,46
1,1.2,5.14429327051725,52.0955725472742,2015-01-11,21,24
1,1.2,5.14429327051725,52.0955725472742,2015-01-11,22,23
1,1.2,5.14429327051725,52.0955725472742,2015-01-11,23,11
1,1.2,5.14429327051725,52.0955725472742,2015-01-12,0,9
1,1.2,5.14429327051725,52.0955725472742,2015-01-12,1,0
1,1.2,5.14429327051725,52.0955725472742,2015-01-12,2,6
1,1.2,5.14429327051725,52.0955725472742,2015-01-12,3,4
1,1.2,5.14429327051725,52.0955725472742,2015-01-12,4,4
1,1.2,5.14429327051725,52.0955725472742,2015-01-12,5,21
1,1.2,5.14429327051725,52.0955725472742,2015-01-12,6,74
1,1.2,5.14429327051725,52.0955725472742,2015-01-12,7,156
1,1.2,5.14429327051725,52.0955725472742,2015-01-12,8,210
1,1.2,5.14429327051725,52.0955725472742,2015-01-12,9,102
1,1.2,5.14429327051725,52.0955725472742,2015-01-12,10,96
1,1.2,5.14429327051725,52.0955725472742,2015-01-12,11,99
1,1.2,5.14429327051725,52.0955725472742,2015-01-12,12,116
1,1.2,5.14429327051725,52.0955725472742,2015-01-12,13,104
1,1.2,5.14429327051725,52.0955725472742,2015-01-12,14,136
1,1.2,5.14429327051725,52.0955725472742,2015-01-12,15,157
1,1.2,5.14429327051725,52.0955725472742,2015-01-12,16,234
1,1.2,5.14429327051725,52.0955725472742,2015-01-12,17,292
1,1.2,5.14429327051725,52.0955725472742,2015-01-12,18,143
1,1.2,5.14429327051725,52.0955725472742,2015-01-12,19,79
1,1.2,5.14429327051725,52.0955725472742,2015-01-12,20,61
1,1.2,5.14429327051725,52.0955725472742,2015-01-12,21,55
1,1.2,5.14429327051725,52.0955725472742,2015-01-12,22,36
1,1.2,5.14429327051725,52.0955725472742,2015-01-12,23,10
1,1.2,5.14429327051725,52.0955725472742,2015-01-13,0,11
1,1.2,5.14429327051725,52.0955725472742,2015-01-13,1,0
1,1.2,5.14429327051725,52.0955725472742,2015-01-13,2,6
1,1.2,5.14429327051725,52.0955725472742,2015-01-13,3,6
1,1.2,5.14429327051725,52.0955725472742,2015-01-13,4,4
1,1.2,5.14429327051725,52.0955725472742,2015-01-13,5,9
1,1.2,5.14429327051725,52.0955725472742,2015-01-13,6,102
1,1.2,5.14429327051725,52.0955725472742,2015-01-13,7,195
1,1.2,5.14429327051725,52.0955725472742,2015-01-13,8,269
1,1.2,5.14429327051725,52.0955725472742,2015-01-13,9,186
1,1.2,5.14429327051725,52.0955725472742,2015-01-13,10,106
1,1.2,5.14429327051725,52.0955725472742,2015-01-13,11,113
1,1.2,5.14429327051725,52.0955725472742,2015-01-13,12,125
1,1.2,5.14429327051725,52.0955725472742,2015-01-13,13,131
1,1.2,5.14429327051725,52.0955725472742,2015-01-13,14,142
1,1.2,5.14429327051725,52.0955725472742,2015-01-13,15,174
1,1.2,5.14429327051725,52.0955725472742,2015-01-13,16,259
1,1.2,5.14429327051725,52.0955725472742,2015-01-13,17,355
1,1.2,5.14429327051725,52.0955725472742,2015-01-13,18,180
1,1.2,5.14429327051725,52.0955725472742,2015-01-13,19,91
1,1.2,5.14429327051725,52.0955725472742,2015-01-13,20,59
1,1.2,5.14429327051725,52.0955725472742,2015-01-13,21,58
1,1.2,5.14429327051725,52.0955725472742,2015-01-13,22,38
1,1.2,5.14429327051725,52.0955725472742,2015-01-13,23,23
1,1.2,5.14429327051725,52.0955725472742,2015-01-14,0,9
1,1.2,5.14429327051725,52.0955725472742,2015-01-14,1,0
1,1.2,5.14429327051725,52.0955725472742,2015-01-14,2,2
1,1.2,5.14429327051725,52.0955725472742,2015-01-14,3,5
1,1.2,5.14429327051725,52.0955725472742,2015-01-14,4,3
1,1.2,5.14429327051725,52.0955725472742,2015-01-14,5,14
1,1.2,5.14429327051725,52.0955725472742,2015-01-14,6,101
1,1.2,5.14429327051725,52.0955725472742,2015-01-14,7,149
1,1.2,5.14429327051725,52.0955725472742,2015-01-14,8,179
1,1.2,5.14429327051725,52.0955725472742,2015-01-14,9,111
1,1.2,5.14429327051725,52.0955725472742,2015-01-14,11,121
1,1.2,5.14429327051725,52.0955725472742,2015-01-14,12,146
1,1.2,5.14429327051725,52.0955725472742,2015-01-14,13,134
1,1.2,5.14429327051725,52.0955725472742,2015-01-14,14,158
1,1.2,5.14429327051725,52.0955725472742,2015-01-14,15,177
1,1.2,5.14429327051725,52.0955725472742,2015-01-14,16,230
1,1.2,5.14429327051725,52.0955725472742,2015-01-14,17,268
1,1.2,5.14429327051725,52.0955725472742,2015-01-14,18,140
1,1.2,5.14429327051725,52.0955725472742,2015-01-14,19,89
1,1.2,5.14429327051725,52.0955725472742,2015-01-14,20,69
1,1.2,5.14429327051725,52.0955725472742,2015-01-14,21,48
1,1.2,5.14429327051725,52.0955725472742,2015-01-14,22,59
1,1.2,5.14429327051725,52.0955725472742,2015-01-14,23,18
1,1.2,5.14429327051725,52.0955725472742,2015-01-15,0,10
1,1.2,5.14429327051725,52.0955725472742,2015-01-15,1,0
1,1.2,5.14429327051725,52.0955725472742,2015-01-15,2,2
1,1.2,5.14429327051725,52.0955725472742,2015-01-15,4,2
1,1.2,5.14429327051725,52.0955725472742,2015-01-15,5,14
1,1.2,5.14429327051725,52.0955725472742,2015-01-15,6,102
1,1.2,5.14429327051725,52.0955725472742,2015-01-15,7,158
1,1.2,5.14429327051725,52.0955725472742,2015-01-15,8,221
1,1.2,5.14429327051725,52.0955725472742,2015-01-15,9,145
1,1.2,5.14429327051725,52.0955725472742,2015-01-15,10,117
1,1.2,5.14429327051725,52.0955725472742,2015-01-15,11,114
1,1.2,5.14429327051725,52.0955725472742,2015-01-15,12,142
1,1.2,5.14429327051725,52.0955725472742,2015-01-15,13,129
1,1.2,5.14429327051725,52.0955725472742,2015-01-15,14,161
1,1.2,5.14429327051725,52.0955725472742,2015-01-15,15,160
1,1.2,5.14429327051725,52.0955725472742,2015-01-15,16,251
1,1.2,5.14429327051725,52.0955725472742,2015-01-15,17,340
1,1.2,5.14429327051725,52.0955725472742,2015-01-15,18,190
1,1.2,5.14429327051725,52.0955725472742,2015-01-15,19,97
1,1.2,5.14429327051725,52.0955725472742,2015-01-15,20,77
1,1.2,5.14429327051725,52.0955725472742,2015-01-15,21,53
1,1.2,5.14429327051725,52.0955725472742,2015-01-15,22,53
1,1.2,5.14429327051725,52.0955725472742,2015-01-15,23,20
1,1.2,5.14429327051725,52.0955725472742,2015-01-16,0,22
1,1.2,5.14429327051725,52.0955725472742,2015-01-16,1,0
1,1.2,5.14429327051725,52.0955725472742,2015-01-16,2,5
1,1.2,5.14429327051725,52.0955725472742,2015-01-16,3,4
1,1.2,5.14429327051725,52.0955725472742,2015-01-16,4,3
1,1.2,5.14429327051725,52.0955725472742,2015-01-16,5,10
1,1.2,5.14429327051725,52.0955725472742,2015-01-16,6,68
1,1.2,5.14429327051725,52.0955725472742,2015-01-16,7,112
1,1.2,5.14429327051725,52.0955725472742,2015-01-16,8,162
1,1.2,5.14429327051725,52.0955725472742,2015-01-16,9,115
1,1.2,5.14429327051725,52.0955725472742,2015-01-16,10,93
1,1.2,5.14429327051725,52.0955725472742,2015-01-16,11,116
1,1.2,5.14429327051725,52.0955725472742,2015-01-16,12,136
1,1.2,5.14429327051725,52.0955725472742,2015-01-16,13,154
1,1.2,5.14429327051725,52.0955725472742,2015-01-16,14,163
1,1.2,5.14429327051725,52.0955725472742,2015-01-16,15,180
1,1.2,5.14429327051725,52.0955725472742,2015-01-16,16,221
1,1.2,5.14429327051725,52.0955725472742,2015-01-16,17,237
1,1.2,5.14429327051725,52.0955725472742,2015-01-16,18,133
1,1.2,5.14429327051725,52.0955725472742,2015-01-16,19,79
1,1.2,5.14429327051725,52.0955725472742,2015-01-16,20,55
1,1.2,5.14429327051725,52.0955725472742,2015-01-16,21,50
1,1.2,5.14429327051725,52.0955725472742,2015-01-16,22,47
1,1.2,5.14429327051725,52.0955725472742,2015-01-16,23,25
1,1.2,5.14429327051725,52.0955725472742,2015-01-17,0,21
1,1.2,5.14429327051725,52.0955725472742,2015-01-17,1,0
1,1.2,5.14429327051725,52.0955725472742,2015-01-17,2,6
1,1.2,5.14429327051725,52.0955725472742,2015-01-17,3,14
1,1.2,5.14429327051725,52.0955725472742,2015-01-17,4,5
1,1.2,5.14429327051725,52.0955725472742,2015-01-17,5,5
1,1.2,5.14429327051725,52.0955725472742,2015-01-17,6,10
1,1.2,5.14429327051725,52.0955725472742,2015-01-17,7,22
1,1.2,5.14429327051725,52.0955725472742,2015-01-17,8,43
1,1.2,5.14429327051725,52.0955725472742,2015-01-17,9,77
1,1.2,5.14429327051725,52.0955725472742,2015-01-17,10,105
1,1.2,5.14429327051725,52.0955725472742,2015-01-17,11,88
1,1.2,5.14429327051725,52.0955725472742,2015-01-17,12,125
1,1.2,5.14429327051725,52.0955725472742,2015-01-17,13,122
1,1.2,5.14429327051725,52.0955725472742,2015-01-17,14,102
1,1.2,5.14429327051725,52.0955725472742,2015-01-17,15,138
1,1.2,5.14429327051725,52.0955725472742,2015-01-17,16,114
1,1.2,5.14429327051725,52.0955725472742,2015-01-17,17,96
1,1.2,5.14429327051725,52.0955725472742,2015-01-17,18,66
1,1.2,5.14429327051725,52.0955725472742,2015-01-17,19,37
1,1.2,5.14429327051725,52.0955725472742,2015-01-17,20,47
1,1.2,5.14429327051725,52.0955725472742,2015-01-17,21,43
1,1.2,5.14429327051725,52.0955725472742,2015-01-17,22,26
1,1.2,5.14429327051725,52.0955725472742,2015-01-17,23,23
1,1.2,5.14429327051725,52.0955725472742,2015-01-18,0,11
1,1.2,5.14429327051725,52.0955725472742,2015-01-18,1,0
1,1.2,5.14429327051725,52.0955725472742,2015-01-18,2,8
1,1.2,5.14429327051725,52.0955725472742,2015-01-18,3,9
1,1.2,5.14429327051725,52.0955725472742,2015-01-18,4,5
1,1.2,5.14429327051725,52.0955725472742,2015-01-18,5,1
1,1.2,5.14429327051725,52.0955725472742,2015-01-18,6,3
1,1.2,5.14429327051725,52.0955725472742,2015-01-18,7,7
1,1.2,5.14429327051725,52.0955725472742,2015-01-18,8,11
1,1.2,5.14429327051725,52.0955725472742,2015-01-18,9,22
1,1.2,5.14429327051725,52.0955725472742,2015-01-18,10,38
1,1.2,5.14429327051725,52.0955725472742,2015-01-18,11,57
1,1.2,5.14429327051725,52.0955725472742,2015-01-18,12,62
1,1.2,5.14429327051725,52.0955725472742,2015-01-18,13,94
1,1.2,5.14429327051725,52.0955725472742,2015-01-18,14,100
1,1.2,5.14429327051725,52.0955725472742,2015-01-18,15,101
1,1.2,5.14429327051725,52.0955725472742,2015-01-18,16,115
1,1.2,5.14429327051725,52.0955725472742,2015-01-18,17,94
1,1.2,5.14429327051725,52.0955725472742,2015-01-18,18,68
1,1.2,5.14429327051725,52.0955725472742,2015-01-18,19,55
1,1.2,5.14429327051725,52.0955725472742,2015-01-18,20,41
1,1.2,5.14429327051725,52.0955725472742,2015-01-18,21,43
1,1.2,5.14429327051725,52.0955725472742,2015-01-18,22,22
1,1.2,5.14429327051725,52.0955725472742,2015-01-18,23,17
1,1.2,5.14429327051725,52.0955725472742,2015-01-19,0,6
1,1.2,5.14429327051725,52.0955725472742,2015-01-19,1,0
1,1.2,5.14429327051725,52.0955725472742,2015-01-19,2,1
1,1.2,5.14429327051725,52.0955725472742,2015-01-19,3,4
1,1.2,5.14429327051725,52.0955725472742,2015-01-19,4,6
1,1.2,5.14429327051725,52.0955725472742,2015-01-19,5,13
1,1.2,5.14429327051725,52.0955725472742,2015-01-19,6,101
1,1.2,5.14429327051725,52.0955725472742,2015-01-19,7,161
1,1.2,5.14429327051725,52.0955725472742,2015-01-19,8,171
1,1.2,5.14429327051725,52.0955725472742,2015-01-19,9,107
1,1.2,5.14429327051725,52.0955725472742,2015-01-19,10,93
1,1.2,5.14429327051725,52.0955725472742,2015-01-19,11,100
1,1.2,5.14429327051725,52.0955725472742,2015-01-19,12,111
1,1.2,5.14429327051725,52.0955725472742,2015-01-19,13,125
1,1.2,5.14429327051725,52.0955725472742,2015-01-19,14,154
1,1.2,5.14429327051725,52.0955725472742,2015-01-19,15,122
1,1.2,5.14429327051725,52.0955725472742,2015-01-19,16,242
1,1.2,5.14429327051725,52.0955725472742,2015-01-19,17,289
1,1.2,5.14429327051725,52.0955725472742,2015-01-19,18,173
1,1.2,5.14429327051725,52.0955725472742,2015-01-19,19,93
1,1.2,5.14429327051725,52.0955725472742,2015-01-19,20,48
1,1.2,5.14429327051725,52.0955725472742,2015-01-19,21,46
1,1.2,5.14429327051725,52.0955725472742,2015-01-19,22,34
1,1.2,5.14429327051725,52.0955725472742,2015-01-19,23,22
1,1.2,5.14429327051725,52.0955725472742,2015-01-20,0,10
1,1.2,5.14429327051725,52.0955725472742,2015-01-20,1,0
1,1.2,5.14429327051725,52.0955725472742,2015-01-20,4,5
1,1.2,5.14429327051725,52.0955725472742,2015-01-20,5,20
1,1.2,5.14429327051725,52.0955725472742,2015-01-20,6,100
1,1.2,5.14429327051725,52.0955725472742,2015-01-20,7,177
1,1.2,5.14429327051725,52.0955725472742,2015-01-20,8,220
1,1.2,5.14429327051725,52.0955725472742,2015-01-20,9,146
1,1.2,5.14429327051725,52.0955725472742,2015-01-20,10,119
1,1.2,5.14429327051725,52.0955725472742,2015-01-20,11,103
1,1.2,5.14429327051725,52.0955725472742,2015-01-20,12,113
1,1.2,5.14429327051725,52.0955725472742,2015-01-20,13,127
1,1.2,5.14429327051725,52.0955725472742,2015-01-20,14,178
1,1.2,5.14429327051725,52.0955725472742,2015-01-20,15,178
1,1.2,5.14429327051725,52.0955725472742,2015-01-20,16,239
1,1.2,5.14429327051725,52.0955725472742,2015-01-20,17,330
1,1.2,5.14429327051725,52.0955725472742,2015-01-20,18,148
1,1.2,5.14429327051725,52.0955725472742,2015-01-20,19,102
1,1.2,5.14429327051725,52.0955725472742,2015-01-20,20,58
1,1.2,5.14429327051725,52.0955725472742,2015-01-20,21,58
1,1.2,5.14429327051725,52.0955725472742,2015-01-20,22,39
1,1.2,5.14429327051725,52.0955725472742,2015-01-20,23,21
1,1.2,5.14429327051725,52.0955725472742,2015-01-21,1,0
1,1.2,5.14429327051725,52.0955725472742,2015-01-21,2,6
1,1.2,5.14429327051725,52.0955725472742,2015-01-21,4,4
1,1.2,5.14429327051725,52.0955725472742,2015-01-21,5,16
1,1.2,5.14429327051725,52.0955725472742,2015-01-21,6,90
1,1.2,5.14429327051725,52.0955725472742,2015-01-21,7,166
1,1.2,5.14429327051725,52.0955725472742,2015-01-21,8,171
1,1.2,5.14429327051725,52.0955725472742,2015-01-21,9,102
1,1.2,5.14429327051725,52.0955725472742,2015-01-21,10,102
1,1.2,5.14429327051725,52.0955725472742,2015-01-21,11,133
1,1.2,5.14429327051725,52.0955725472742,2015-01-21,12,119
1,1.2,5.14429327051725,52.0955725472742,2015-01-21,13,55
1,1.2,5.14429327051725,52.0955725472742,2015-01-21,14,137
1,1.2,5.14429327051725,52.0955725472742,2015-01-21,15,156
1,1.2,5.14429327051725,52.0955725472742,2015-01-21,16,247
1,1.2,5.14429327051725,52.0955725472742,2015-01-21,17,281
1,1.2,5.14429327051725,52.0955725472742,2015-01-21,18,165
1,1.2,5.14429327051725,52.0955725472742,2015-01-21,19,80
1,1.2,5.14429327051725,52.0955725472742,2015-01-21,20,54
1,1.2,5.14429327051725,52.0955725472742,2015-01-21,21,75
1,1.2,5.14429327051725,52.0955725472742,2015-01-21,22,45
1,1.2,5.14429327051725,52.0955725472742,2015-01-21,23,27
1,1.2,5.14429327051725,52.0955725472742,2015-01-22,0,10
1,1.2,5.14429327051725,52.0955725472742,2015-01-22,1,0
1,1.2,5.14429327051725,52.0955725472742,2015-01-22,2,3
1,1.2,5.14429327051725,52.0955725472742,2015-01-22,3,3
1,1.2,5.14429327051725,52.0955725472742,2015-01-22,4,5
1,1.2,5.14429327051725,52.0955725472742,2015-01-22,5,14
1,1.2,5.14429327051725,52.0955725472742,2015-01-22,6,100
1,1.2,5.14429327051725,52.0955725472742,2015-01-22,7,144
1,1.2,5.14429327051725,52.0955725472742,2015-01-22,8,233
1,1.2,5.14429327051725,52.0955725472742,2015-01-22,9,180
1,1.2,5.14429327051725,52.0955725472742,2015-01-22,10,93
1,1.2,5.14429327051725,52.0955725472742,2015-01-22,11,97
1,1.2,5.14429327051725,52.0955725472742,2015-01-22,12,130
1,1.2,5.14429327051725,52.0955725472742,2015-01-22,13,131
1,1.2,5.14429327051725,52.0955725472742,2015-01-22,14,132
1,1.2,5.14429327051725,52.0955725472742,2015-01-22,15,156
1,1.2,5.14429327051725,52.0955725472742,2015-01-22,16,278
1,1.2,5.14429327051725,52.0955725472742,2015-01-22,17,357
1,1.2,5.14429327051725,52.0955725472742,2015-01-22,18,167
1,1.2,5.14429327051725,52.0955725472742,2015-01-22,19,89
1,1.2,5.14429327051725,52.0955725472742,2015-01-22,20,65
1,1.2,5.14429327051725,52.0955725472742,2015-01-22,21,50
1,1.2,5.14429327051725,52.0955725472742,2015-01-22,22,45
1,1.2,5.14429327051725,52.0955725472742,2015-01-22,23,17
1,1.2,5.14429327051725,52.0955725472742,2015-01-23,0,20
1,1.2,5.14429327051725,52.0955725472742,2015-01-23,1,0
1,1.2,5.14429327051725,52.0955725472742,2015-01-23,2,2
1,1.2,5.14429327051725,52.0955725472742,2015-01-23,3,8
1,1.2,5.14429327051725,52.0955725472742,2015-01-23,4,3
1,1.2,5.14429327051725,52.0955725472742,2015-01-23,5,10
1,1.2,5.14429327051725,52.0955725472742,2015-01-23,6,63
1,1.2,5.14429327051725,52.0955725472742,2015-01-23,7,111
1,1.2,5.14429327051725,52.0955725472742,2015-01-23,8,168
1,1.2,5.14429327051725,52.0955725472742,2015-01-23,9,113
1,1.2,5.14429327051725,52.0955725472742,2015-01-23,10,119
1,1.2,5.14429327051725,52.0955725472742,2015-01-23,11,122
1,1.2,5.14429327051725,52.0955725472742,2015-01-23,12,145
1,1.2,5.14429327051725,52.0955725472742,2015-01-23,13,137
1,1.2,5.14429327051725,52.0955725472742,2015-01-23,14,152
1,1.2,5.14429327051725,52.0955725472742,2015-01-23,15,172
1,1.2,5.14429327051725,52.0955725472742,2015-01-23,16,219
1,1.2,5.14429327051725,52.0955725472742,2015-01-23,17,207
1,1.2,5.14429327051725,52.0955725472742,2015-01-23,18,140
1,1.2,5.14429327051725,52.0955725472742,2015-01-23,19,77
1,1.2,5.14429327051725,52.0955725472742,2015-01-23,20,61
1,1.2,5.14429327051725,52.0955725472742,2015-01-23,21,48
1,1.2,5.14429327051725,52.0955725472742,2015-01-23,22,42
1,1.2,5.14429327051725,52.0955725472742,2015-01-23,23,39
1,1.2,5.14429327051725,52.0955725472742,2015-01-24,0,27
1,1.2,5.14429327051725,52.0955725472742,2015-01-24,1,0
1,1.2,5.14429327051725,52.0955725472742,2015-01-24,2,6
1,1.2,5.14429327051725,52.0955725472742,2015-01-24,3,19
1,1.2,5.14429327051725,52.0955725472742,2015-01-24,4,7
1,1.2,5.14429327051725,52.0955725472742,2015-01-24,5,11
1,1.2,5.14429327051725,52.0955725472742,2015-01-24,6,7
1,1.2,5.14429327051725,52.0955725472742,2015-01-24,7,23
1,1.2,5.14429327051725,52.0955725472742,2015-01-24,8,40
1,1.2,5.14429327051725,52.0955725472742,2015-01-24,9,54
1,1.2,5.14429327051725,52.0955725472742,2015-01-24,10,72
1,1.2,5.14429327051725,52.0955725472742,2015-01-24,11,105
1,1.2,5.14429327051725,52.0955725472742,2015-01-24,12,124
1,1.2,5.14429327051725,52.0955725472742,2015-01-24,13,127
1,1.2,5.14429327051725,52.0955725472742,2015-01-24,14,124
1,1.2,5.14429327051725,52.0955725472742,2015-01-24,15,135
1,1.2,5.14429327051725,52.0955725472742,2015-01-24,16,114
1,1.2,5.14429327051725,52.0955725472742,2015-01-24,17,100
1,1.2,5.14429327051725,52.0955725472742,2015-01-24,18,67
1,1.2,5.14429327051725,52.0955725472742,2015-01-24,19,52
1,1.2,5.14429327051725,52.0955725472742,2015-01-24,20,52
1,1.2,5.14429327051725,52.0955725472742,2015-01-24,21,39
1,1.2,5.14429327051725,52.0955725472742,2015-01-24,22,36
1,1.2,5.14429327051725,52.0955725472742,2015-01-24,23,38
1,1.2,5.14429327051725,52.0955725472742,2015-01-25,1,0
1,1.2,5.14429327051725,52.0955725472742,2015-01-25,2,10
1,1.2,5.14429327051725,52.0955725472742,2015-01-25,3,8
1,1.2,5.14429327051725,52.0955725472742,2015-01-25,4,6
1,1.2,5.14429327051725,52.0955725472742,2015-01-25,5,7
1,1.2,5.14429327051725,52.0955725472742,2015-01-25,6,8
1,1.2,5.14429327051725,52.0955725472742,2015-01-25,8,14
1,1.2,5.14429327051725,52.0955725472742,2015-01-25,9,20
1,1.2,5.14429327051725,52.0955725472742,2015-01-25,10,43
1,1.2,5.14429327051725,52.0955725472742,2015-01-25,11,57
1,1.2,5.14429327051725,52.0955725472742,2015-01-25,12,57
1,1.2,5.14429327051725,52.0955725472742,2015-01-25,13,93
1,1.2,5.14429327051725,52.0955725472742,2015-01-25,14,107
1,1.2,5.14429327051725,52.0955725472742,2015-01-25,15,117
1,1.2,5.14429327051725,52.0955725472742,2015-01-25,16,90
1,1.2,5.14429327051725,52.0955725472742,2015-01-25,17,111
1,1.2,5.14429327051725,52.0955725472742,2015-01-25,18,60
1,1.2,5.14429327051725,52.0955725472742,2015-01-25,19,47
1,1.2,5.14429327051725,52.0955725472742,2015-01-25,20,48
1,1.2,5.14429327051725,52.0955725472742,2015-01-25,21,31
1,1.2,5.14429327051725,52.0955725472742,2015-01-25,22,18
1,1.2,5.14429327051725,52.0955725472742,2015-01-25,23,17
1,1.2,5.14429327051725,52.0955725472742,2015-01-27,0,8
1,1.2,5.14429327051725,52.0955725472742,2015-01-27,1,0
1,1.2,5.14429327051725,52.0955725472742,2015-01-27,2,4
1,1.2,5.14429327051725,52.0955725472742,2015-01-27,3,5
1,1.2,5.14429327051725,52.0955725472742,2015-01-27,4,1
1,1.2,5.14429327051725,52.0955725472742,2015-01-27,5,12
1,1.2,5.14429327051725,52.0955725472742,2015-01-27,6,88
1,1.2,5.14429327051725,52.0955725472742,2015-01-27,7,156
1,1.2,5.14429327051725,52.0955725472742,2015-01-27,8,207
1,1.2,5.14429327051725,52.0955725472742,2015-01-27,9,120
1,1.2,5.14429327051725,52.0955725472742,2015-01-27,10,90
1,1.2,5.14429327051725,52.0955725472742,2015-01-27,11,111
1,1.2,5.14429327051725,52.0955725472742,2015-01-27,12,103
1,1.2,5.14429327051725,52.0955725472742,2015-01-27,13,119
1,1.2,5.14429327051725,52.0955725472742,2015-01-27,14,139
1,1.2,5.14429327051725,52.0955725472742,2015-01-27,15,156
1,1.2,5.14429327051725,52.0955725472742,2015-01-27,16,249
1,1.2,5.14429327051725,52.0955725472742,2015-01-27,17,291
1,1.2,5.14429327051725,52.0955725472742,2015-01-27,18,179
1,1.2,5.14429327051725,52.0955725472742,2015-01-27,19,86
1,1.2,5.14429327051725,52.0955725472742,2015-01-27,20,67
1,1.2,5.14429327051725,52.0955725472742,2015-01-27,21,60
1,1.2,5.14429327051725,52.0955725472742,2015-01-27,22,52
1,1.2,5.14429327051725,52.0955725472742,2015-01-27,23,23
1,1.2,5.14429327051725,52.0955725472742,2015-01-28,0,0
1,1.2,5.14429327051725,52.0955725472742,2015-01-28,1,0
1,1.2,5.14429327051725,52.0955725472742,2015-01-28,2,4
1,1.2,5.14429327051725,52.0955725472742,2015-01-28,3,4
1,1.2,5.14429327051725,52.0955725472742,2015-01-28,4,6
1,1.2,5.14429327051725,52.0955725472742,2015-01-28,5,13
1,1.2,5.14429327051725,52.0955725472742,2015-01-28,6,93
1,1.2,5.14429327051725,52.0955725472742,2015-01-28,7,146
1,1.2,5.14429327051725,52.0955725472742,2015-01-28,8,78
1,1.2,5.14429327051725,52.0955725472742,2015-01-30,0,24
1,1.2,5.14429327051725,52.0955725472742,2015-01-30,1,0
1,1.2,5.14429327051725,52.0955725472742,2015-01-30,2,0
1,1.2,5.14429327051725,52.0955725472742,2015-01-30,3,0
1,1.2,5.14429327051725,52.0955725472742,2015-01-30,4,0
1,1.2,5.14429327051725,52.0955725472742,2015-01-30,5,0
1,1.2,5.14429327051725,52.0955725472742,2015-01-30,6,0
1,1.2,5.14429327051725,52.0955725472742,2015-01-30,11,84
1,1.2,5.14429327051725,52.0955725472742,2015-01-30,12,120
1,1.2,5.14429327051725,52.0955725472742,2015-01-30,13,132
1,1.2,5.14429327051725,52.0955725472742,2015-01-30,14,151
1,1.2,5.14429327051725,52.0955725472742,2015-01-30,15,183
1,1.2,5.14429327051725,52.0955725472742,2015-01-30,16,215
1,1.2,5.14429327051725,52.0955725472742,2015-01-30,17,230
1,1.2,5.14429327051725,52.0955725472742,2015-01-30,18,130
1,1.2,5.14429327051725,52.0955725472742,2015-01-30,19,83
1,1.2,5.14429327051725,52.0955725472742,2015-01-30,20,81
1,1.2,5.14429327051725,52.0955725472742,2015-01-30,21,41
1,1.2,5.14429327051725,52.0955725472742,2015-01-30,22,40
1,1.2,5.14429327051725,52.0955725472742,2015-01-30,23,35
1,1.2,5.14429327051725,52.0955725472742,2015-01-31,0,19
1,1.2,5.14429327051725,52.0955725472742,2015-01-31,1,0
1,1.2,5.14429327051725,52.0955725472742,2015-01-31,2,11
1,1.2,5.14429327051725,52.0955725472742,2015-01-31,3,10
1,1.2,5.14429327051725,52.0955725472742,2015-01-31,4,13
1,1.2,5.14429327051725,52.0955725472742,2015-01-31,5,12
1,1.2,5.14429327051725,52.0955725472742,2015-01-31,6,13
1,1.2,5.14429327051725,52.0955725472742,2015-01-31,7,18
1,1.2,5.14429327051725,52.0955725472742,2015-01-31,8,50
1,1.2,5.14429327051725,52.0955725472742,2015-01-31,9,73
1,1.2,5.14429327051725,52.0955725472742,2015-01-31,10,76
1,1.2,5.14429327051725,52.0955725472742,2015-01-31,11,97
1,1.2,5.14429327051725,52.0955725472742,2015-01-31,12,123
1,1.2,5.14429327051725,52.0955725472742,2015-01-31,13,117
1,1.2,5.14429327051725,52.0955725472742,2015-01-31,14,117
1,1.2,5.14429327051725,52.0955725472742,2015-01-31,15,133
1,1.2,5.14429327051725,52.0955725472742,2015-01-31,16,106
1,1.2,5.14429327051725,52.0955725472742,2015-01-31,17,92
1,1.2,5.14429327051725,52.0955725472742,2015-01-31,18,74
1,1.2,5.14429327051725,52.0955725472742,2015-01-31,19,54
1,1.2,5.14429327051725,52.0955725472742,2015-01-31,20,54
1,1.2,5.14429327051725,52.0955725472742,2015-01-31,21,37
1,1.2,5.14429327051725,52.0955725472742,2015-01-31,22,42
1,1.2,5.14429327051725,52.0955725472742,2015-01-31,23,37
1,1.3,5.14430565781317,52.095547056486,2015-01-01,0,5
1,1.3,5.14430565781317,52.095547056486,2015-01-01,1,0
1,1.3,5.14430565781317,52.095547056486,2015-01-01,2,32
1,1.3,5.14430565781317,52.095547056486,2015-01-01,3,13
1,1.3,5.14430565781317,52.095547056486,2015-01-01,4,9
1,1.3,5.14430565781317,52.095547056486,2015-01-01,5,7
1,1.3,5.14430565781317,52.095547056486,2015-01-01,6,6
1,1.3,5.14430565781317,52.095547056486,2015-01-01,7,14
1,1.3,5.14430565781317,52.095547056486,2015-01-01,8,4
1,1.3,5.14430565781317,52.095547056486,2015-01-01,9,16
1,1.3,5.14430565781317,52.095547056486,2015-01-01,10,14
1,1.3,5.14430565781317,52.095547056486,2015-01-01,11,52
1,1.3,5.14430565781317,52.095547056486,2015-01-01,12,59
1,1.3,5.14430565781317,52.095547056486,2015-01-01,13,53
1,1.3,5.14430565781317,52.095547056486,2015-01-01,14,102
1,1.3,5.14430565781317,52.095547056486,2015-01-01,15,91
1,1.3,5.14430565781317,52.095547056486,2015-01-01,16,89
1,1.3,5.14430565781317,52.095547056486,2015-01-01,17,62
1,1.3,5.14430565781317,52.095547056486,2015-01-01,18,30
1,1.3,5.14430565781317,52.095547056486,2015-01-01,19,37
1,1.3,5.14430565781317,52.095547056486,2015-01-01,20,32
1,1.3,5.14430565781317,52.095547056486,2015-01-01,21,23
1,1.3,5.14430565781317,52.095547056486,2015-01-01,22,24
1,1.3,5.14430565781317,52.095547056486,2015-01-01,23,19
1,1.3,5.14430565781317,52.095547056486,2015-01-02,0,20
1,1.3,5.14430565781317,52.095547056486,2015-01-02,1,0
1,1.3,5.14430565781317,52.095547056486,2015-01-02,2,5
1,1.3,5.14430565781317,52.095547056486,2015-01-02,4,2
1,1.3,5.14430565781317,52.095547056486,2015-01-02,5,5
1,1.3,5.14430565781317,52.095547056486,2015-01-02,6,23
1,1.3,5.14430565781317,52.095547056486,2015-01-02,7,34
1,1.3,5.14430565781317,52.095547056486,2015-01-02,8,55
1,1.3,5.14430565781317,52.095547056486,2015-01-02,9,51
1,1.3,5.14430565781317,52.095547056486,2015-01-02,10,75
1,1.3,5.14430565781317,52.095547056486,2015-01-02,11,89
1,1.3,5.14430565781317,52.095547056486,2015-01-02,12,94
1,1.3,5.14430565781317,52.095547056486,2015-01-02,13,122
1,1.3,5.14430565781317,52.095547056486,2015-01-02,14,118
1,1.3,5.14430565781317,52.095547056486,2015-01-02,15,107
1,1.3,5.14430565781317,52.095547056486,2015-01-02,16,127
1,1.3,5.14430565781317,52.095547056486,2015-01-02,17,129
1,1.3,5.14430565781317,52.095547056486,2015-01-02,18,96
1,1.3,5.14430565781317,52.095547056486,2015-01-02,19,81
1,1.3,5.14430565781317,52.095547056486,2015-01-02,20,49
1,1.3,5.14430565781317,52.095547056486,2015-01-02,21,49
1,1.3,5.14430565781317,52.095547056486,2015-01-02,22,28
1,1.3,5.14430565781317,52.095547056486,2015-01-02,23,27
1,1.3,5.14430565781317,52.095547056486,2015-01-04,0,12
1,1.3,5.14430565781317,52.095547056486,2015-01-04,1,0
1,1.3,5.14430565781317,52.095547056486,2015-01-04,2,5
1,1.3,5.14430565781317,52.095547056486,2015-01-04,3,7
1,1.3,5.14430565781317,52.095547056486,2015-01-04,4,4
1,1.3,5.14430565781317,52.095547056486,2015-01-04,5,5
1,1.3,5.14430565781317,52.095547056486,2015-01-04,6,10
1,1.3,5.14430565781317,52.095547056486,2015-01-04,7,6
1,1.3,5.14430565781317,52.095547056486,2015-01-04,8,24
1,1.3,5.14430565781317,52.095547056486,2015-01-04,9,44
1,1.3,5.14430565781317,52.095547056486,2015-01-04,10,59
1,1.3,5.14430565781317,52.095547056486,2015-01-04,11,62
1,1.3,5.14430565781317,52.095547056486,2015-01-04,12,86
1,1.3,5.14430565781317,52.095547056486,2015-01-04,13,91
1,1.3,5.14430565781317,52.095547056486,2015-01-04,14,134
1,1.3,5.14430565781317,52.095547056486,2015-01-04,15,110
1,1.3,5.14430565781317,52.095547056486,2015-01-04,16,100
1,1.3,5.14430565781317,52.095547056486,2015-01-04,17,82
1,1.3,5.14430565781317,52.095547056486,2015-01-04,18,62
1,1.3,5.14430565781317,52.095547056486,2015-01-04,19,48
1,1.3,5.14430565781317,52.095547056486,2015-01-04,20,49
1,1.3,5.14430565781317,52.095547056486,2015-01-04,21,35
1,1.3,5.14430565781317,52.095547056486,2015-01-04,22,41
1,1.3,5.14430565781317,52.095547056486,2015-01-04,23,10
1,1.3,5.14430565781317,52.095547056486,2015-01-05,0,5
1,1.3,5.14430565781317,52.095547056486,2015-01-05,1,0
1,1.3,5.14430565781317,52.095547056486,2015-01-05,2,2
1,1.3,5.14430565781317,52.095547056486,2015-01-05,3,10
1,1.3,5.14430565781317,52.095547056486,2015-01-05,5,11
1,1.3,5.14430565781317,52.095547056486,2015-01-05,6,81
1,1.3,5.14430565781317,52.095547056486,2015-01-05,7,154
1,1.3,5.14430565781317,52.095547056486,2015-01-05,8,182
1,1.3,5.14430565781317,52.095547056486,2015-01-05,9,109
1,1.3,5.14430565781317,52.095547056486,2015-01-05,10,80
1,1.3,5.14430565781317,52.095547056486,2015-01-05,11,81
1,1.3,5.14430565781317,52.095547056486,2015-01-05,12,102
1,1.3,5.14430565781317,52.095547056486,2015-01-05,13,109
1,1.3,5.14430565781317,52.095547056486,2015-01-05,14,123
1,1.3,5.14430565781317,52.095547056486,2015-01-05,15,140
1,1.3,5.14430565781317,52.095547056486,2015-01-05,16,242
1,1.3,5.14430565781317,52.095547056486,2015-01-05,17,247
1,1.3,5.14430565781317,52.095547056486,2015-01-05,18,132
1,1.3,5.14430565781317,52.095547056486,2015-01-05,19,71
1,1.3,5.14430565781317,52.095547056486,2015-01-05,20,47
1,1.3,5.14430565781317,52.095547056486,2015-01-05,21,45
1,1.3,5.14430565781317,52.095547056486,2015-01-05,22,29
1,1.3,5.14430565781317,52.095547056486,2015-01-05,23,23
1,1.3,5.14430565781317,52.095547056486,2015-01-06,0,13
1,1.3,5.14430565781317,52.095547056486,2015-01-06,1,0
1,1.3,5.14430565781317,52.095547056486,2015-01-06,2,7
1,1.3,5.14430565781317,52.095547056486,2015-01-06,3,10
1,1.3,5.14430565781317,52.095547056486,2015-01-06,4,5
1,1.3,5.14430565781317,52.095547056486,2015-01-06,5,11
1,1.3,5.14430565781317,52.095547056486,2015-01-06,6,79
1,1.3,5.14430565781317,52.095547056486,2015-01-06,7,158
1,1.3,5.14430565781317,52.095547056486,2015-01-06,8,191
1,1.3,5.14430565781317,52.095547056486,2015-01-06,9,106
1,1.3,5.14430565781317,52.095547056486,2015-01-06,10,93
1,1.3,5.14430565781317,52.095547056486,2015-01-06,11,124
1,1.3,5.14430565781317,52.095547056486,2015-01-06,12,110
1,1.3,5.14430565781317,52.095547056486,2015-01-06,13,124
1,1.3,5.14430565781317,52.095547056486,2015-01-06,14,133
1,1.3,5.14430565781317,52.095547056486,2015-01-06,15,156
1,1.3,5.14430565781317,52.095547056486,2015-01-06,16,236
1,1.3,5.14430565781317,52.095547056486,2015-01-06,17,306
1,1.3,5.14430565781317,52.095547056486,2015-01-06,18,162
1,1.3,5.14430565781317,52.095547056486,2015-01-06,19,92
1,1.3,5.14430565781317,52.095547056486,2015-01-06,20,65
1,1.3,5.14430565781317,52.095547056486,2015-01-06,21,41
1,1.3,5.14430565781317,52.095547056486,2015-01-06,22,43
1,1.3,5.14430565781317,52.095547056486,2015-01-06,23,20
1,1.3,5.14430565781317,52.095547056486,2015-01-07,0,11
1,1.3,5.14430565781317,52.095547056486,2015-01-07,1,0
1,1.3,5.14430565781317,52.095547056486,2015-01-07,2,2
1,1.3,5.14430565781317,52.095547056486,2015-01-07,3,11
1,1.3,5.14430565781317,52.095547056486,2015-01-07,4,3
1,1.3,5.14430565781317,52.095547056486,2015-01-07,5,8
1,1.3,5.14430565781317,52.095547056486,2015-01-07,6,101
1,1.3,5.14430565781317,52.095547056486,2015-01-07,7,143
1,1.3,5.14430565781317,52.095547056486,2015-01-07,8,168
1,1.3,5.14430565781317,52.095547056486,2015-01-07,9,107
1,1.3,5.14430565781317,52.095547056486,2015-01-07,10,100
1,1.3,5.14430565781317,52.095547056486,2015-01-07,11,111
1,1.3,5.14430565781317,52.095547056486,2015-01-07,12,135
1,1.3,5.14430565781317,52.095547056486,2015-01-07,13,126
1,1.3,5.14430565781317,52.095547056486,2015-01-07,14,145
1,1.3,5.14430565781317,52.095547056486,2015-01-07,15,148
1,1.3,5.14430565781317,52.095547056486,2015-01-07,16,229
1,1.3,5.14430565781317,52.095547056486,2015-01-07,17,234
1,1.3,5.14430565781317,52.095547056486,2015-01-07,18,115
1,1.3,5.14430565781317,52.095547056486,2015-01-07,19,71
1,1.3,5.14430565781317,52.095547056486,2015-01-07,20,56
1,1.3,5.14430565781317,52.095547056486,2015-01-07,21,69
1,1.3,5.14430565781317,52.095547056486,2015-01-07,22,41
1,1.3,5.14430565781317,52.095547056486,2015-01-07,23,24
1,1.3,5.14430565781317,52.095547056486,2015-01-08,0,8
1,1.3,5.14430565781317,52.095547056486,2015-01-08,1,0
1,1.3,5.14430565781317,52.095547056486,2015-01-08,2,6
1,1.3,5.14430565781317,52.095547056486,2015-01-08,3,3
1,1.3,5.14430565781317,52.095547056486,2015-01-08,4,3
1,1.3,5.14430565781317,52.095547056486,2015-01-08,5,13
1,1.3,5.14430565781317,52.095547056486,2015-01-08,6,78
1,1.3,5.14430565781317,52.095547056486,2015-01-08,7,158
1,1.3,5.14430565781317,52.095547056486,2015-01-08,8,212
1,1.3,5.14430565781317,52.095547056486,2015-01-08,9,128
1,1.3,5.14430565781317,52.095547056486,2015-01-08,10,100
1,1.3,5.14430565781317,52.095547056486,2015-01-08,11,96
1,1.3,5.14430565781317,52.095547056486,2015-01-08,12,131
1,1.3,5.14430565781317,52.095547056486,2015-01-08,13,112
1,1.3,5.14430565781317,52.095547056486,2015-01-08,14,148
1,1.3,5.14430565781317,52.095547056486,2015-01-08,15,148
1,1.3,5.14430565781317,52.095547056486,2015-01-08,16,224
1,1.3,5.14430565781317,52.095547056486,2015-01-08,17,318
1,1.3,5.14430565781317,52.095547056486,2015-01-08,18,177
1,1.3,5.14430565781317,52.095547056486,2015-01-08,19,99
1,1.3,5.14430565781317,52.095547056486,2015-01-08,20,73
1,1.3,5.14430565781317,52.095547056486,2015-01-08,21,44
1,1.3,5.14430565781317,52.095547056486,2015-01-08,22,40
1,1.3,5.14430565781317,52.095547056486,2015-01-08,23,19
1,1.3,5.14430565781317,52.095547056486,2015-01-09,0,27
1,1.3,5.14430565781317,52.095547056486,2015-01-09,1,0
1,1.3,5.14430565781317,52.095547056486,2015-01-09,2,1
1,1.3,5.14430565781317,52.095547056486,2015-01-09,4,4
1,1.3,5.14430565781317,52.095547056486,2015-01-09,5,3
1,1.3,5.14430565781317,52.095547056486,2015-01-09,6,60
1,1.3,5.14430565781317,52.095547056486,2015-01-09,7,120
1,1.3,5.14430565781317,52.095547056486,2015-01-09,8,173
1,1.3,5.14430565781317,52.095547056486,2015-01-09,9,101
1,1.3,5.14430565781317,52.095547056486,2015-01-09,10,98
1,1.3,5.14430565781317,52.095547056486,2015-01-09,11,130
1,1.3,5.14430565781317,52.095547056486,2015-01-09,12,117
1,1.3,5.14430565781317,52.095547056486,2015-01-09,13,112
1,1.3,5.14430565781317,52.095547056486,2015-01-09,14,138
1,1.3,5.14430565781317,52.095547056486,2015-01-09,15,155
1,1.3,5.14430565781317,52.095547056486,2015-01-09,16,222
1,1.3,5.14430565781317,52.095547056486,2015-01-09,17,247
1,1.3,5.14430565781317,52.095547056486,2015-01-09,18,146
1,1.3,5.14430565781317,52.095547056486,2015-01-09,19,70
1,1.3,5.14430565781317,52.095547056486,2015-01-09,20,54
1,1.3,5.14430565781317,52.095547056486,2015-01-09,21,39
1,1.3,5.14430565781317,52.095547056486,2015-01-09,22,34
1,1.3,5.14430565781317,52.095547056486,2015-01-09,23,25
1,1.3,5.14430565781317,52.095547056486,2015-01-10,0,15
1,1.3,5.14430565781317,52.095547056486,2015-01-10,1,0
1,1.3,5.14430565781317,52.095547056486,2015-01-10,2,7
1,1.3,5.14430565781317,52.095547056486,2015-01-10,3,7
1,1.3,5.14430565781317,52.095547056486,2015-01-10,4,3
1,1.3,5.14430565781317,52.095547056486,2015-01-10,5,3
1,1.3,5.14430565781317,52.095547056486,2015-01-10,6,9
1,1.3,5.14430565781317,52.095547056486,2015-01-10,7,15
1,1.3,5.14430565781317,52.095547056486,2015-01-10,8,41
1,1.3,5.14430565781317,52.095547056486,2015-01-10,9,51
1,1.3,5.14430565781317,52.095547056486,2015-01-10,10,84
1,1.3,5.14430565781317,52.095547056486,2015-01-10,11,98
1,1.3,5.14430565781317,52.095547056486,2015-01-10,12,99
1,1.3,5.14430565781317,52.095547056486,2015-01-10,13,130
1,1.3,5.14430565781317,52.095547056486,2015-01-10,14,134
1,1.3,5.14430565781317,52.095547056486,2015-01-10,15,118
1,1.3,5.14430565781317,52.095547056486,2015-01-10,16,107
1,1.3,5.14430565781317,52.095547056486,2015-01-10,17,87
1,1.3,5.14430565781317,52.095547056486,2015-01-10,18,74
1,1.3,5.14430565781317,52.095547056486,2015-01-10,19,45
1,1.3,5.14430565781317,52.095547056486,2015-01-10,20,34
1,1.3,5.14430565781317,52.095547056486,2015-01-10,21,35
1,1.3,5.14430565781317,52.095547056486,2015-01-10,22,33
1,1.3,5.14430565781317,52.095547056486,2015-01-10,23,29
1,1.3,5.14430565781317,52.095547056486,2015-01-11,0,11
1,1.3,5.14430565781317,52.095547056486,2015-01-11,1,0
1,1.3,5.14430565781317,52.095547056486,2015-01-11,2,7
1,1.3,5.14430565781317,52.095547056486,2015-01-11,3,9
1,1.3,5.14430565781317,52.095547056486,2015-01-11,4,4
1,1.3,5.14430565781317,52.095547056486,2015-01-11,5,7
1,1.3,5.14430565781317,52.095547056486,2015-01-11,6,3
1,1.3,5.14430565781317,52.095547056486,2015-01-11,7,8
1,1.3,5.14430565781317,52.095547056486,2015-01-11,8,11
1,1.3,5.14430565781317,52.095547056486,2015-01-11,9,17
1,1.3,5.14430565781317,52.095547056486,2015-01-11,10,52
1,1.3,5.14430565781317,52.095547056486,2015-01-11,11,61
1,1.3,5.14430565781317,52.095547056486,2015-01-11,12,80
1,1.3,5.14430565781317,52.095547056486,2015-01-11,13,101
1,1.3,5.14430565781317,52.095547056486,2015-01-11,14,103
1,1.3,5.14430565781317,52.095547056486,2015-01-11,15,115
1,1.3,5.14430565781317,52.095547056486,2015-01-11,16,104
1,1.3,5.14430565781317,52.095547056486,2015-01-11,17,85
1,1.3,5.14430565781317,52.095547056486,2015-01-11,18,53
1,1.3,5.14430565781317,52.095547056486,2015-01-11,19,39
1,1.3,5.14430565781317,52.095547056486,2015-01-11,20,45
1,1.3,5.14430565781317,52.095547056486,2015-01-11,21,24
1,1.3,5.14430565781317,52.095547056486,2015-01-11,22,22
1,1.3,5.14430565781317,52.095547056486,2015-01-11,23,11
1,1.3,5.14430565781317,52.095547056486,2015-01-12,0,9
1,1.3,5.14430565781317,52.095547056486,2015-01-12,1,0
1,1.3,5.14430565781317,52.095547056486,2015-01-12,2,6
1,1.3,5.14430565781317,52.095547056486,2015-01-12,3,4
1,1.3,5.14430565781317,52.095547056486,2015-01-12,4,4
1,1.3,5.14430565781317,52.095547056486,2015-01-12,5,21
1,1.3,5.14430565781317,52.095547056486,2015-01-12,6,74
1,1.3,5.14430565781317,52.095547056486,2015-01-12,7,155
1,1.3,5.14430565781317,52.095547056486,2015-01-12,8,210
1,1.3,5.14430565781317,52.095547056486,2015-01-12,9,102
1,1.3,5.14430565781317,52.095547056486,2015-01-12,10,97
1,1.3,5.14430565781317,52.095547056486,2015-01-12,11,99
1,1.3,5.14430565781317,52.095547056486,2015-01-12,12,117
1,1.3,5.14430565781317,52.095547056486,2015-01-12,13,106
1,1.3,5.14430565781317,52.095547056486,2015-01-12,14,136
1,1.3,5.14430565781317,52.095547056486,2015-01-12,15,156
1,1.3,5.14430565781317,52.095547056486,2015-01-12,16,233
1,1.3,5.14430565781317,52.095547056486,2015-01-12,17,294
1,1.3,5.14430565781317,52.095547056486,2015-01-12,18,142
1,1.3,5.14430565781317,52.095547056486,2015-01-12,19,79
1,1.3,5.14430565781317,52.095547056486,2015-01-12,20,61
1,1.3,5.14430565781317,52.095547056486,2015-01-12,21,55
1,1.3,5.14430565781317,52.095547056486,2015-01-12,22,36
1,1.3,5.14430565781317,52.095547056486,2015-01-12,23,10
1,1.3,5.14430565781317,52.095547056486,2015-01-13,0,11
1,1.3,5.14430565781317,52.095547056486,2015-01-13,1,0
1,1.3,5.14430565781317,52.095547056486,2015-01-13,2,6
1,1.3,5.14430565781317,52.095547056486,2015-01-13,3,6
1,1.3,5.14430565781317,52.095547056486,2015-01-13,4,4
1,1.3,5.14430565781317,52.095547056486,2015-01-13,5,9
1,1.3,5.14430565781317,52.095547056486,2015-01-13,6,101
1,1.3,5.14430565781317,52.095547056486,2015-01-13,7,197
1,1.3,5.14430565781317,52.095547056486,2015-01-13,8,270
1,1.3,5.14430565781317,52.095547056486,2015-01-13,9,184
1,1.3,5.14430565781317,52.095547056486,2015-01-13,10,106
1,1.3,5.14430565781317,52.095547056486,2015-01-13,11,112
1,1.3,5.14430565781317,52.095547056486,2015-01-13,12,124
1,1.3,5.14430565781317,52.095547056486,2015-01-13,13,131
1,1.3,5.14430565781317,52.095547056486,2015-01-13,14,142
1,1.3,5.14430565781317,52.095547056486,2015-01-13,15,181
1,1.3,5.14430565781317,52.095547056486,2015-01-13,16,260
1,1.3,5.14430565781317,52.095547056486,2015-01-13,17,359
1,1.3,5.14430565781317,52.095547056486,2015-01-13,18,181
1,1.3,5.14430565781317,52.095547056486,2015-01-13,19,91
1,1.3,5.14430565781317,52.095547056486,2015-01-13,20,60
1,1.3,5.14430565781317,52.095547056486,2015-01-13,21,56
1,1.3,5.14430565781317,52.095547056486,2015-01-13,22,38
1,1.3,5.14430565781317,52.095547056486,2015-01-13,23,23
1,1.3,5.14430565781317,52.095547056486,2015-01-14,0,9
1,1.3,5.14430565781317,52.095547056486,2015-01-14,1,0
1,1.3,5.14430565781317,52.095547056486,2015-01-14,2,2
1,1.3,5.14430565781317,52.095547056486,2015-01-14,3,5
1,1.3,5.14430565781317,52.095547056486,2015-01-14,4,3
1,1.3,5.14430565781317,52.095547056486,2015-01-14,5,14
1,1.3,5.14430565781317,52.095547056486,2015-01-14,6,101
1,1.3,5.14430565781317,52.095547056486,2015-01-14,7,150
1,1.3,5.14430565781317,52.095547056486,2015-01-14,8,177
1,1.3,5.14430565781317,52.095547056486,2015-01-14,9,111
1,1.3,5.14430565781317,52.095547056486,2015-01-14,11,121
1,1.3,5.14430565781317,52.095547056486,2015-01-14,12,147
1,1.3,5.14430565781317,52.095547056486,2015-01-14,13,134
1,1.3,5.14430565781317,52.095547056486,2015-01-14,14,153
1,1.3,5.14430565781317,52.095547056486,2015-01-14,15,177
1,1.3,5.14430565781317,52.095547056486,2015-01-14,16,228
1,1.3,5.14430565781317,52.095547056486,2015-01-14,17,266
1,1.3,5.14430565781317,52.095547056486,2015-01-14,18,134
1,1.3,5.14430565781317,52.095547056486,2015-01-14,19,90
1,1.3,5.14430565781317,52.095547056486,2015-01-14,20,69
1,1.3,5.14430565781317,52.095547056486,2015-01-14,21,47
1,1.3,5.14430565781317,52.095547056486,2015-01-14,22,60
1,1.3,5.14430565781317,52.095547056486,2015-01-14,23,17
1,1.3,5.14430565781317,52.095547056486,2015-01-15,0,9
1,1.3,5.14430565781317,52.095547056486,2015-01-15,1,0
1,1.3,5.14430565781317,52.095547056486,2015-01-15,2,2
1,1.3,5.14430565781317,52.095547056486,2015-01-15,4,2
1,1.3,5.14430565781317,52.095547056486,2015-01-15,5,14
1,1.3,5.14430565781317,52.095547056486,2015-01-15,6,103
1,1.3,5.14430565781317,52.095547056486,2015-01-15,7,158
1,1.3,5.14430565781317,52.095547056486,2015-01-15,8,221
1,1.3,5.14430565781317,52.095547056486,2015-01-15,9,144
1,1.3,5.14430565781317,52.095547056486,2015-01-15,10,117
1,1.3,5.14430565781317,52.095547056486,2015-01-15,11,114
1,1.3,5.14430565781317,52.095547056486,2015-01-15,12,141
1,1.3,5.14430565781317,52.095547056486,2015-01-15,13,129
1,1.3,5.14430565781317,52.095547056486,2015-01-15,14,161
1,1.3,5.14430565781317,52.095547056486,2015-01-15,15,162
1,1.3,5.14430565781317,52.095547056486,2015-01-15,16,251
1,1.3,5.14430565781317,52.095547056486,2015-01-15,17,336
1,1.3,5.14430565781317,52.095547056486,2015-01-15,18,191
1,1.3,5.14430565781317,52.095547056486,2015-01-15,19,97
1,1.3,5.14430565781317,52.095547056486,2015-01-15,20,77
1,1.3,5.14430565781317,52.095547056486,2015-01-15,21,53
1,1.3,5.14430565781317,52.095547056486,2015-01-15,22,53
1,1.3,5.14430565781317,52.095547056486,2015-01-15,23,21
1,1.3,5.14430565781317,52.095547056486,2015-01-16,0,21
1,1.3,5.14430565781317,52.095547056486,2015-01-16,1,0
1,1.3,5.14430565781317,52.095547056486,2015-01-16,2,5
1,1.3,5.14430565781317,52.095547056486,2015-01-16,3,4
1,1.3,5.14430565781317,52.095547056486,2015-01-16,4,3
1,1.3,5.14430565781317,52.095547056486,2015-01-16,5,10
1,1.3,5.14430565781317,52.095547056486,2015-01-16,6,68
1,1.3,5.14430565781317,52.095547056486,2015-01-16,7,112
1,1.3,5.14430565781317,52.095547056486,2015-01-16,8,162
1,1.3,5.14430565781317,52.095547056486,2015-01-16,9,115
1,1.3,5.14430565781317,52.095547056486,2015-01-16,10,92
1,1.3,5.14430565781317,52.095547056486,2015-01-16,11,115
1,1.3,5.14430565781317,52.095547056486,2015-01-16,12,135
1,1.3,5.14430565781317,52.095547056486,2015-01-16,13,151
1,1.3,5.14430565781317,52.095547056486,2015-01-16,14,164
1,1.3,5.14430565781317,52.095547056486,2015-01-16,15,180
1,1.3,5.14430565781317,52.095547056486,2015-01-16,16,220
1,1.3,5.14430565781317,52.095547056486,2015-01-16,17,238
1,1.3,5.14430565781317,52.095547056486,2015-01-16,18,133
1,1.3,5.14430565781317,52.095547056486,2015-01-16,19,79
1,1.3,5.14430565781317,52.095547056486,2015-01-16,20,55
1,1.3,5.14430565781317,52.095547056486,2015-01-16,21,50
1,1.3,5.14430565781317,52.095547056486,2015-01-16,22,47
1,1.3,5.14430565781317,52.095547056486,2015-01-16,23,25
1,1.3,5.14430565781317,52.095547056486,2015-01-17,0,21
1,1.3,5.14430565781317,52.095547056486,2015-01-17,1,0
1,1.3,5.14430565781317,52.095547056486,2015-01-17,2,6
1,1.3,5.14430565781317,52.095547056486,2015-01-17,3,14
1,1.3,5.14430565781317,52.095547056486,2015-01-17,4,5
1,1.3,5.14430565781317,52.095547056486,2015-01-17,5,5
1,1.3,5.14430565781317,52.095547056486,2015-01-17,6,10
1,1.3,5.14430565781317,52.095547056486,2015-01-17,7,22
1,1.3,5.14430565781317,52.095547056486,2015-01-17,8,43
1,1.3,5.14430565781317,52.095547056486,2015-01-17,9,76
1,1.3,5.14430565781317,52.095547056486,2015-01-17,10,105
1,1.3,5.14430565781317,52.095547056486,2015-01-17,11,89
1,1.3,5.14430565781317,52.095547056486,2015-01-17,12,125
1,1.3,5.14430565781317,52.095547056486,2015-01-17,13,121
1,1.3,5.14430565781317,52.095547056486,2015-01-17,14,102
1,1.3,5.14430565781317,52.095547056486,2015-01-17,15,138
1,1.3,5.14430565781317,52.095547056486,2015-01-17,16,114
1,1.3,5.14430565781317,52.095547056486,2015-01-17,17,96
1,1.3,5.14430565781317,52.095547056486,2015-01-17,18,66
1,1.3,5.14430565781317,52.095547056486,2015-01-17,19,37
1,1.3,5.14430565781317,52.095547056486,2015-01-17,20,46
1,1.3,5.14430565781317,52.095547056486,2015-01-17,21,43
1,1.3,5.14430565781317,52.095547056486,2015-01-17,22,25
1,1.3,5.14430565781317,52.095547056486,2015-01-17,23,23
1,1.3,5.14430565781317,52.095547056486,2015-01-18,0,11
1,1.3,5.14430565781317,52.095547056486,2015-01-18,1,0
1,1.3,5.14430565781317,52.095547056486,2015-01-18,2,8
1,1.3,5.14430565781317,52.095547056486,2015-01-18,3,9
1,1.3,5.14430565781317,52.095547056486,2015-01-18,4,5
1,1.3,5.14430565781317,52.095547056486,2015-01-18,5,1
1,1.3,5.14430565781317,52.095547056486,2015-01-18,6,3
1,1.3,5.14430565781317,52.095547056486,2015-01-18,7,7
1,1.3,5.14430565781317,52.095547056486,2015-01-18,8,11
1,1.3,5.14430565781317,52.095547056486,2015-01-18,9,22
1,1.3,5.14430565781317,52.095547056486,2015-01-18,10,38
1,1.3,5.14430565781317,52.095547056486,2015-01-18,11,57
1,1.3,5.14430565781317,52.095547056486,2015-01-18,12,62
1,1.3,5.14430565781317,52.095547056486,2015-01-18,13,94
1,1.3,5.14430565781317,52.095547056486,2015-01-18,14,100
1,1.3,5.14430565781317,52.095547056486,2015-01-18,15,102
1,1.3,5.14430565781317,52.095547056486,2015-01-18,16,115
1,1.3,5.14430565781317,52.095547056486,2015-01-18,17,94
1,1.3,5.14430565781317,52.095547056486,2015-01-18,18,68
1,1.3,5.14430565781317,52.095547056486,2015-01-18,19,55
1,1.3,5.14430565781317,52.095547056486,2015-01-18,20,42
1,1.3,5.14430565781317,52.095547056486,2015-01-18,21,43
1,1.3,5.14430565781317,52.095547056486,2015-01-18,22,22
1,1.3,5.14430565781317,52.095547056486,2015-01-18,23,17
1,1.3,5.14430565781317,52.095547056486,2015-01-19,0,6
1,1.3,5.14430565781317,52.095547056486,2015-01-19,1,0
1,1.3,5.14430565781317,52.095547056486,2015-01-19,2,1
1,1.3,5.14430565781317,52.095547056486,2015-01-19,3,4
1,1.3,5.14430565781317,52.095547056486,2015-01-19,4,6
1,1.3,5.14430565781317,52.095547056486,2015-01-19,5,13
1,1.3,5.14430565781317,52.095547056486,2015-01-19,6,103
1,1.3,5.14430565781317,52.095547056486,2015-01-19,7,161
1,1.3,5.14430565781317,52.095547056486,2015-01-19,8,171
1,1.3,5.14430565781317,52.095547056486,2015-01-19,9,107
1,1.3,5.14430565781317,52.095547056486,2015-01-19,10,93
1,1.3,5.14430565781317,52.095547056486,2015-01-19,11,100
1,1.3,5.14430565781317,52.095547056486,2015-01-19,12,111
1,1.3,5.14430565781317,52.095547056486,2015-01-19,13,125
1,1.3,5.14430565781317,52.095547056486,2015-01-19,14,152
1,1.3,5.14430565781317,52.095547056486,2015-01-19,15,122
1,1.3,5.14430565781317,52.095547056486,2015-01-19,16,242
1,1.3,5.14430565781317,52.095547056486,2015-01-19,17,290
1,1.3,5.14430565781317,52.095547056486,2015-01-19,18,172
1,1.3,5.14430565781317,52.095547056486,2015-01-19,19,93
1,1.3,5.14430565781317,52.095547056486,2015-01-19,20,48
1,1.3,5.14430565781317,52.095547056486,2015-01-19,21,45
1,1.3,5.14430565781317,52.095547056486,2015-01-19,22,33
1,1.3,5.14430565781317,52.095547056486,2015-01-19,23,23
1,1.3,5.14430565781317,52.095547056486,2015-01-20,0,9
1,1.3,5.14430565781317,52.095547056486,2015-01-20,1,0
1,1.3,5.14430565781317,52.095547056486,2015-01-20,4,5
1,1.3,5.14430565781317,52.095547056486,2015-01-20,5,20
1,1.3,5.14430565781317,52.095547056486,2015-01-20,6,100
1,1.3,5.14430565781317,52.095547056486,2015-01-20,7,177
1,1.3,5.14430565781317,52.095547056486,2015-01-20,8,221
1,1.3,5.14430565781317,52.095547056486,2015-01-20,9,147
1,1.3,5.14430565781317,52.095547056486,2015-01-20,10,119
1,1.3,5.14430565781317,52.095547056486,2015-01-20,11,102
1,1.3,5.14430565781317,52.095547056486,2015-01-20,12,113
1,1.3,5.14430565781317,52.095547056486,2015-01-20,13,128
1,1.3,5.14430565781317,52.095547056486,2015-01-20,14,178
1,1.3,5.14430565781317,52.095547056486,2015-01-20,15,177
1,1.3,5.14430565781317,52.095547056486,2015-01-20,16,238
1,1.3,5.14430565781317,52.095547056486,2015-01-20,17,331
1,1.3,5.14430565781317,52.095547056486,2015-01-20,18,148
1,1.3,5.14430565781317,52.095547056486,2015-01-20,19,103
1,1.3,5.14430565781317,52.095547056486,2015-01-20,20,58
1,1.3,5.14430565781317,52.095547056486,2015-01-20,21,58
1,1.3,5.14430565781317,52.095547056486,2015-01-20,22,38
1,1.3,5.14430565781317,52.095547056486,2015-01-20,23,21
1,1.3,5.14430565781317,52.095547056486,2015-01-21,1,0
1,1.3,5.14430565781317,52.095547056486,2015-01-21,2,6
1,1.3,5.14430565781317,52.095547056486,2015-01-21,4,4
1,1.3,5.14430565781317,52.095547056486,2015-01-21,5,16
1,1.3,5.14430565781317,52.095547056486,2015-01-21,6,90
1,1.3,5.14430565781317,52.095547056486,2015-01-21,7,166
1,1.3,5.14430565781317,52.095547056486,2015-01-21,8,171
1,1.3,5.14430565781317,52.095547056486,2015-01-21,9,103
1,1.3,5.14430565781317,52.095547056486,2015-01-21,10,101
1,1.3,5.14430565781317,52.095547056486,2015-01-21,11,133
1,1.3,5.14430565781317,52.095547056486,2015-01-21,12,118
1,1.3,5.14430565781317,52.095547056486,2015-01-21,13,55
1,1.3,5.14430565781317,52.095547056486,2015-01-21,14,138
1,1.3,5.14430565781317,52.095547056486,2015-01-21,15,156
1,1.3,5.14430565781317,52.095547056486,2015-01-21,16,248
1,1.3,5.14430565781317,52.095547056486,2015-01-21,17,281
1,1.3,5.14430565781317,52.095547056486,2015-01-21,18,165
1,1.3,5.14430565781317,52.095547056486,2015-01-21,19,78
1,1.3,5.14430565781317,52.095547056486,2015-01-21,20,53
1,1.3,5.14430565781317,52.095547056486,2015-01-21,21,75
1,1.3,5.14430565781317,52.095547056486,2015-01-21,22,45
1,1.3,5.14430565781317,52.095547056486,2015-01-21,23,26
1,1.3,5.14430565781317,52.095547056486,2015-01-22,0,9
1,1.3,5.14430565781317,52.095547056486,2015-01-22,1,0
1,1.3,5.14430565781317,52.095547056486,2015-01-22,2,3
1,1.3,5.14430565781317,52.095547056486,2015-01-22,3,3
1,1.3,5.14430565781317,52.095547056486,2015-01-22,4,5
1,1.3,5.14430565781317,52.095547056486,2015-01-22,5,13
1,1.3,5.14430565781317,52.095547056486,2015-01-22,6,100
1,1.3,5.14430565781317,52.095547056486,2015-01-22,7,141
1,1.3,5.14430565781317,52.095547056486,2015-01-22,8,231
1,1.3,5.14430565781317,52.095547056486,2015-01-22,9,180
1,1.3,5.14430565781317,52.095547056486,2015-01-22,10,95
1,1.3,5.14430565781317,52.095547056486,2015-01-22,11,94
1,1.3,5.14430565781317,52.095547056486,2015-01-22,12,130
1,1.3,5.14430565781317,52.095547056486,2015-01-22,13,132
1,1.3,5.14430565781317,52.095547056486,2015-01-22,14,131
1,1.3,5.14430565781317,52.095547056486,2015-01-22,15,155
1,1.3,5.14430565781317,52.095547056486,2015-01-22,16,279
1,1.3,5.14430565781317,52.095547056486,2015-01-22,17,363
1,1.3,5.14430565781317,52.095547056486,2015-01-22,18,167
1,1.3,5.14430565781317,52.095547056486,2015-01-22,19,89
1,1.3,5.14430565781317,52.095547056486,2015-01-22,20,65
1,1.3,5.14430565781317,52.095547056486,2015-01-22,21,48
1,1.3,5.14430565781317,52.095547056486,2015-01-22,22,45
1,1.3,5.14430565781317,52.095547056486,2015-01-22,23,17
1,1.3,5.14430565781317,52.095547056486,2015-01-23,0,20
1,1.3,5.14430565781317,52.095547056486,2015-01-23,1,0
1,1.3,5.14430565781317,52.095547056486,2015-01-23,2,2
1,1.3,5.14430565781317,52.095547056486,2015-01-23,3,8
1,1.3,5.14430565781317,52.095547056486,2015-01-23,4,3
1,1.3,5.14430565781317,52.095547056486,2015-01-23,5,10
1,1.3,5.14430565781317,52.095547056486,2015-01-23,6,63
1,1.3,5.14430565781317,52.095547056486,2015-01-23,7,111
1,1.3,5.14430565781317,52.095547056486,2015-01-23,8,171
1,1.3,5.14430565781317,52.095547056486,2015-01-23,9,114
1,1.3,5.14430565781317,52.095547056486,2015-01-23,10,119
1,1.3,5.14430565781317,52.095547056486,2015-01-23,11,122
1,1.3,5.14430565781317,52.095547056486,2015-01-23,12,145
1,1.3,5.14430565781317,52.095547056486,2015-01-23,13,137
1,1.3,5.14430565781317,52.095547056486,2015-01-23,14,151
1,1.3,5.14430565781317,52.095547056486,2015-01-23,15,174
1,1.3,5.14430565781317,52.095547056486,2015-01-23,16,218
1,1.3,5.14430565781317,52.095547056486,2015-01-23,17,207
1,1.3,5.14430565781317,52.095547056486,2015-01-23,18,141
1,1.3,5.14430565781317,52.095547056486,2015-01-23,19,77
1,1.3,5.14430565781317,52.095547056486,2015-01-23,20,60
1,1.3,5.14430565781317,52.095547056486,2015-01-23,21,48
1,1.3,5.14430565781317,52.095547056486,2015-01-23,22,41
1,1.3,5.14430565781317,52.095547056486,2015-01-23,23,38
1,1.3,5.14430565781317,52.095547056486,2015-01-24,0,27
1,1.3,5.14430565781317,52.095547056486,2015-01-24,1,0
1,1.3,5.14430565781317,52.095547056486,2015-01-24,2,6
1,1.3,5.14430565781317,52.095547056486,2015-01-24,3,19
1,1.3,5.14430565781317,52.095547056486,2015-01-24,4,8
1,1.3,5.14430565781317,52.095547056486,2015-01-24,5,11
1,1.3,5.14430565781317,52.095547056486,2015-01-24,6,7
1,1.3,5.14430565781317,52.095547056486,2015-01-24,7,22
1,1.3,5.14430565781317,52.095547056486,2015-01-24,8,39
1,1.3,5.14430565781317,52.095547056486,2015-01-24,9,54
1,1.3,5.14430565781317,52.095547056486,2015-01-24,10,71
1,1.3,5.14430565781317,52.095547056486,2015-01-24,11,104
1,1.3,5.14430565781317,52.095547056486,2015-01-24,12,120
1,1.3,5.14430565781317,52.095547056486,2015-01-24,13,127
1,1.3,5.14430565781317,52.095547056486,2015-01-24,14,125
1,1.3,5.14430565781317,52.095547056486,2015-01-24,15,134
1,1.3,5.14430565781317,52.095547056486,2015-01-24,16,114
1,1.3,5.14430565781317,52.095547056486,2015-01-24,17,101
1,1.3,5.14430565781317,52.095547056486,2015-01-24,18,66
1,1.3,5.14430565781317,52.095547056486,2015-01-24,19,52
1,1.3,5.14430565781317,52.095547056486,2015-01-24,20,52
1,1.3,5.14430565781317,52.095547056486,2015-01-24,21,39
1,1.3,5.14430565781317,52.095547056486,2015-01-24,22,36
1,1.3,5.14430565781317,52.095547056486,2015-01-24,23,37
1,1.3,5.14430565781317,52.095547056486,2015-01-25,1,0
1,1.3,5.14430565781317,52.095547056486,2015-01-25,2,10
1,1.3,5.14430565781317,52.095547056486,2015-01-25,3,8
1,1.3,5.14430565781317,52.095547056486,2015-01-25,4,6
1,1.3,5.14430565781317,52.095547056486,2015-01-25,5,7
1,1.3,5.14430565781317,52.095547056486,2015-01-25,6,8
1,1.3,5.14430565781317,52.095547056486,2015-01-25,8,14
1,1.3,5.14430565781317,52.095547056486,2015-01-25,9,20
1,1.3,5.14430565781317,52.095547056486,2015-01-25,10,43
1,1.3,5.14430565781317,52.095547056486,2015-01-25,11,57
1,1.3,5.14430565781317,52.095547056486,2015-01-25,12,57
1,1.3,5.14430565781317,52.095547056486,2015-01-25,13,94
1,1.3,5.14430565781317,52.095547056486,2015-01-25,14,107
1,1.3,5.14430565781317,52.095547056486,2015-01-25,15,117
1,1.3,5.14430565781317,52.095547056486,2015-01-25,16,90
1,1.3,5.14430565781317,52.095547056486,2015-01-25,17,112
1,1.3,5.14430565781317,52.095547056486,2015-01-25,18,60
1,1.3,5.14430565781317,52.095547056486,2015-01-25,19,47
1,1.3,5.14430565781317,52.095547056486,2015-01-25,20,48
1,1.3,5.14430565781317,52.095547056486,2015-01-25,21,31
1,1.3,5.14430565781317,52.095547056486,2015-01-25,22,18
1,1.3,5.14430565781317,52.095547056486,2015-01-25,23,18
1,1.3,5.14430565781317,52.095547056486,2015-01-27,0,8
1,1.3,5.14430565781317,52.095547056486,2015-01-27,1,0
1,1.3,5.14430565781317,52.095547056486,2015-01-27,2,4
1,1.3,5.14430565781317,52.095547056486,2015-01-27,3,5
1,1.3,5.14430565781317,52.095547056486,2015-01-27,4,1
1,1.3,5.14430565781317,52.095547056486,2015-01-27,5,12
1,1.3,5.14430565781317,52.095547056486,2015-01-27,6,88
1,1.3,5.14430565781317,52.095547056486,2015-01-27,7,155
1,1.3,5.14430565781317,52.095547056486,2015-01-27,8,210
1,1.3,5.14430565781317,52.095547056486,2015-01-27,9,118
1,1.3,5.14430565781317,52.095547056486,2015-01-27,10,90
1,1.3,5.14430565781317,52.095547056486,2015-01-27,11,110
1,1.3,5.14430565781317,52.095547056486,2015-01-27,12,104
1,1.3,5.14430565781317,52.095547056486,2015-01-27,13,118
1,1.3,5.14430565781317,52.095547056486,2015-01-27,14,139
1,1.3,5.14430565781317,52.095547056486,2015-01-27,15,156
1,1.3,5.14430565781317,52.095547056486,2015-01-27,16,249
1,1.3,5.14430565781317,52.095547056486,2015-01-27,17,292
1,1.3,5.14430565781317,52.095547056486,2015-01-27,18,179
1,1.3,5.14430565781317,52.095547056486,2015-01-27,19,86
1,1.3,5.14430565781317,52.095547056486,2015-01-27,20,67
1,1.3,5.14430565781317,52.095547056486,2015-01-27,21,60
1,1.3,5.14430565781317,52.095547056486,2015-01-27,22,52
1,1.3,5.14430565781317,52.095547056486,2015-01-27,23,24
1,1.3,5.14430565781317,52.095547056486,2015-01-28,0,0
1,1.3,5.14430565781317,52.095547056486,2015-01-28,1,0
1,1.3,5.14430565781317,52.095547056486,2015-01-28,2,4
1,1.3,5.14430565781317,52.095547056486,2015-01-28,3,4
1,1.3,5.14430565781317,52.095547056486,2015-01-28,4,6
1,1.3,5.14430565781317,52.095547056486,2015-01-28,5,13
1,1.3,5.14430565781317,52.095547056486,2015-01-28,6,94
1,1.3,5.14430565781317,52.095547056486,2015-01-28,7,147
1,1.3,5.14430565781317,52.095547056486,2015-01-28,8,78
1,1.3,5.14430565781317,52.095547056486,2015-01-30,0,24
1,1.3,5.14430565781317,52.095547056486,2015-01-30,1,0
1,1.3,5.14430565781317,52.095547056486,2015-01-30,2,0
1,1.3,5.14430565781317,52.095547056486,2015-01-30,3,0
1,1.3,5.14430565781317,52.095547056486,2015-01-30,4,0
1,1.3,5.14430565781317,52.095547056486,2015-01-30,5,0
1,1.3,5.14430565781317,52.095547056486,2015-01-30,6,0
1,1.3,5.14430565781317,52.095547056486,2015-01-30,11,85
1,1.3,5.14430565781317,52.095547056486,2015-01-30,12,119
1,1.3,5.14430565781317,52.095547056486,2015-01-30,13,131
1,1.3,5.14430565781317,52.095547056486,2015-01-30,14,151
1,1.3,5.14430565781317,52.095547056486,2015-01-30,15,186
1,1.3,5.14430565781317,52.095547056486,2015-01-30,16,213
1,1.3,5.14430565781317,52.095547056486,2015-01-30,17,229
1,1.3,5.14430565781317,52.095547056486,2015-01-30,18,130
1,1.3,5.14430565781317,52.095547056486,2015-01-30,19,83
1,1.3,5.14430565781317,52.095547056486,2015-01-30,20,80
1,1.3,5.14430565781317,52.095547056486,2015-01-30,21,41
1,1.3,5.14430565781317,52.095547056486,2015-01-30,22,39
1,1.3,5.14430565781317,52.095547056486,2015-01-30,23,35
1,1.3,5.14430565781317,52.095547056486,2015-01-31,0,19
1,1.3,5.14430565781317,52.095547056486,2015-01-31,1,0
1,1.3,5.14430565781317,52.095547056486,2015-01-31,2,11
1,1.3,5.14430565781317,52.095547056486,2015-01-31,3,10
1,1.3,5.14430565781317,52.095547056486,2015-01-31,4,12
1,1.3,5.14430565781317,52.095547056486,2015-01-31,5,12
1,1.3,5.14430565781317,52.095547056486,2015-01-31,6,13
1,1.3,5.14430565781317,52.095547056486,2015-01-31,7,18
1,1.3,5.14430565781317,52.095547056486,2015-01-31,8,49
1,1.3,5.14430565781317,52.095547056486,2015-01-31,9,71
1,1.3,5.14430565781317,52.095547056486,2015-01-31,10,74
1,1.3,5.14430565781317,52.095547056486,2015-01-31,11,96
1,1.3,5.14430565781317,52.095547056486,2015-01-31,12,123
1,1.3,5.14430565781317,52.095547056486,2015-01-31,13,117
1,1.3,5.14430565781317,52.095547056486,2015-01-31,14,117
1,1.3,5.14430565781317,52.095547056486,2015-01-31,15,133
1,1.3,5.14430565781317,52.095547056486,2015-01-31,16,105
1,1.3,5.14430565781317,52.095547056486,2015-01-31,17,93
1,1.3,5.14430565781317,52.095547056486,2015-01-31,18,73
1,1.3,5.14430565781317,52.095547056486,2015-01-31,19,53
1,1.3,5.14430565781317,52.095547056486,2015-01-31,20,54
1,1.3,5.14430565781317,52.095547056486,2015-01-31,21,37
1,1.3,5.14430565781317,52.095547056486,2015-01-31,22,42
1,1.3,5.14430565781317,52.095547056486,2015-01-31,23,37
1,10.2,5.14490246726312,52.0964246891868,2015-01-01,0,20
1,10.2,5.14490246726312,52.0964246891868,2015-01-01,1,0
1,10.2,5.14490246726312,52.0964246891868,2015-01-01,2,50
1,10.2,5.14490246726312,52.0964246891868,2015-01-01,3,31
1,10.2,5.14490246726312,52.0964246891868,2015-01-01,4,21
1,10.2,5.14490246726312,52.0964246891868,2015-01-01,5,13
1,10.2,5.14490246726312,52.0964246891868,2015-01-01,6,14
1,10.2,5.14490246726312,52.0964246891868,2015-01-01,7,16
1,10.2,5.14490246726312,52.0964246891868,2015-01-01,8,8
1,10.2,5.14490246726312,52.0964246891868,2015-01-01,9,19
1,10.2,5.14490246726312,52.0964246891868,2015-01-01,10,34
1,10.2,5.14490246726312,52.0964246891868,2015-01-01,11,58
1,10.2,5.14490246726312,52.0964246891868,2015-01-01,12,99
1,10.2,5.14490246726312,52.0964246891868,2015-01-01,13,137
1,10.2,5.14490246726312,52.0964246891868,2015-01-01,14,151
1,10.2,5.14490246726312,52.0964246891868,2015-01-01,15,171
1,10.2,5.14490246726312,52.0964246891868,2015-01-01,16,169
1,10.2,5.14490246726312,52.0964246891868,2015-01-01,17,134
1,10.2,5.14490246726312,52.0964246891868,2015-01-01,18,107
1,10.2,5.14490246726312,52.0964246891868,2015-01-01,19,82
1,10.2,5.14490246726312,52.0964246891868,2015-01-01,20,72
1,10.2,5.14490246726312,52.0964246891868,2015-01-01,21,50
1,10.2,5.14490246726312,52.0964246891868,2015-01-01,22,49
1,10.2,5.14490246726312,52.0964246891868,2015-01-01,23,32
1,10.2,5.14490246726312,52.0964246891868,2015-01-02,0,28
1,10.2,5.14490246726312,52.0964246891868,2015-01-02,1,0
1,10.2,5.14490246726312,52.0964246891868,2015-01-02,2,6
1,10.2,5.14490246726312,52.0964246891868,2015-01-02,3,7
1,10.2,5.14490246726312,52.0964246891868,2015-01-02,4,5
1,10.2,5.14490246726312,52.0964246891868,2015-01-02,5,9
1,10.2,5.14490246726312,52.0964246891868,2015-01-02,6,39
1,10.2,5.14490246726312,52.0964246891868,2015-01-02,7,65
1,10.2,5.14490246726312,52.0964246891868,2015-01-02,8,94
1,10.2,5.14490246726312,52.0964246891868,2015-01-02,9,94
1,10.2,5.14490246726312,52.0964246891868,2015-01-02,10,128
1,10.2,5.14490246726312,52.0964246891868,2015-01-02,11,160
1,10.2,5.14490246726312,52.0964246891868,2015-01-02,12,138
1,10.2,5.14490246726312,52.0964246891868,2015-01-02,13,169
1,10.2,5.14490246726312,52.0964246891868,2015-01-02,14,196
1,10.2,5.14490246726312,52.0964246891868,2015-01-02,15,226
1,10.2,5.14490246726312,52.0964246891868,2015-01-02,16,208
1,10.2,5.14490246726312,52.0964246891868,2015-01-02,17,184
1,10.2,5.14490246726312,52.0964246891868,2015-01-02,18,115
1,10.2,5.14490246726312,52.0964246891868,2015-01-02,19,108
1,10.2,5.14490246726312,52.0964246891868,2015-01-02,20,71
1,10.2,5.14490246726312,52.0964246891868,2015-01-02,21,78
1,10.2,5.14490246726312,52.0964246891868,2015-01-02,22,59
1,10.2,5.14490246726312,52.0964246891868,2015-01-02,23,44
1,10.2,5.14490246726312,52.0964246891868,2015-01-04,0,18
1,10.2,5.14490246726312,52.0964246891868,2015-01-04,1,0
1,10.2,5.14490246726312,52.0964246891868,2015-01-04,2,8
1,10.2,5.14490246726312,52.0964246891868,2015-01-04,3,9
1,10.2,5.14490246726312,52.0964246891868,2015-01-04,4,14
1,10.2,5.14490246726312,52.0964246891868,2015-01-04,5,7
1,10.2,5.14490246726312,52.0964246891868,2015-01-04,6,31
1,10.2,5.14490246726312,52.0964246891868,2015-01-04,7,25
1,10.2,5.14490246726312,52.0964246891868,2015-01-04,8,44
1,10.2,5.14490246726312,52.0964246891868,2015-01-04,9,77
1,10.2,5.14490246726312,52.0964246891868,2015-01-04,10,126
1,10.2,5.14490246726312,52.0964246891868,2015-01-04,11,114
1,10.2,5.14490246726312,52.0964246891868,2015-01-04,12,156
1,10.2,5.14490246726312,52.0964246891868,2015-01-04,13,199
1,10.2,5.14490246726312,52.0964246891868,2015-01-04,14,202
1,10.2,5.14490246726312,52.0964246891868,2015-01-04,15,178
1,10.2,5.14490246726312,52.0964246891868,2015-01-04,16,189
1,10.2,5.14490246726312,52.0964246891868,2015-01-04,17,152
1,10.2,5.14490246726312,52.0964246891868,2015-01-04,18,75
1,10.2,5.14490246726312,52.0964246891868,2015-01-04,19,101
1,10.2,5.14490246726312,52.0964246891868,2015-01-04,20,82
1,10.2,5.14490246726312,52.0964246891868,2015-01-04,21,57
1,10.2,5.14490246726312,52.0964246891868,2015-01-04,22,44
1,10.2,5.14490246726312,52.0964246891868,2015-01-04,23,24
1,10.2,5.14490246726312,52.0964246891868,2015-01-05,0,14
1,10.2,5.14490246726312,52.0964246891868,2015-01-05,1,0
1,10.2,5.14490246726312,52.0964246891868,2015-01-05,2,5
1,10.2,5.14490246726312,52.0964246891868,2015-01-05,3,6
1,10.2,5.14490246726312,52.0964246891868,2015-01-05,5,19
1,10.2,5.14490246726312,52.0964246891868,2015-01-05,6,70
1,10.2,5.14490246726312,52.0964246891868,2015-01-05,7,167
1,10.2,5.14490246726312,52.0964246891868,2015-01-05,8,251
1,10.2,5.14490246726312,52.0964246891868,2015-01-05,9,122
1,10.2,5.14490246726312,52.0964246891868,2015-01-05,10,121
1,10.2,5.14490246726312,52.0964246891868,2015-01-05,11,143
1,10.2,5.14490246726312,52.0964246891868,2015-01-05,12,129
1,10.2,5.14490246726312,52.0964246891868,2015-01-05,13,146
1,10.2,5.14490246726312,52.0964246891868,2015-01-05,14,188
1,10.2,5.14490246726312,52.0964246891868,2015-01-05,15,255
1,10.2,5.14490246726312,52.0964246891868,2015-01-05,16,306
1,10.2,5.14490246726312,52.0964246891868,2015-01-05,17,371
1,10.2,5.14490246726312,52.0964246891868,2015-01-05,18,182
1,10.2,5.14490246726312,52.0964246891868,2015-01-05,19,98
1,10.2,5.14490246726312,52.0964246891868,2015-01-05,20,73
1,10.2,5.14490246726312,52.0964246891868,2015-01-05,21,77
1,10.2,5.14490246726312,52.0964246891868,2015-01-05,22,69
1,10.2,5.14490246726312,52.0964246891868,2015-01-05,23,31
1,10.2,5.14490246726312,52.0964246891868,2015-01-06,0,13
1,10.2,5.14490246726312,52.0964246891868,2015-01-06,1,0
1,10.2,5.14490246726312,52.0964246891868,2015-01-06,2,7
1,10.2,5.14490246726312,52.0964246891868,2015-01-06,3,5
1,10.2,5.14490246726312,52.0964246891868,2015-01-06,4,6
1,10.2,5.14490246726312,52.0964246891868,2015-01-06,5,22
1,10.2,5.14490246726312,52.0964246891868,2015-01-06,6,69
1,10.2,5.14490246726312,52.0964246891868,2015-01-06,7,196
1,10.2,5.14490246726312,52.0964246891868,2015-01-06,8,239
1,10.2,5.14490246726312,52.0964246891868,2015-01-06,9,159
1,10.2,5.14490246726312,52.0964246891868,2015-01-06,10,158
1,10.2,5.14490246726312,52.0964246891868,2015-01-06,11,155
1,10.2,5.14490246726312,52.0964246891868,2015-01-06,12,167
1,10.2,5.14490246726312,52.0964246891868,2015-01-06,13,183
1,10.2,5.14490246726312,52.0964246891868,2015-01-06,14,186
1,10.2,5.14490246726312,52.0964246891868,2015-01-06,15,263
1,10.2,5.14490246726312,52.0964246891868,2015-01-06,16,365
1,10.2,5.14490246726312,52.0964246891868,2015-01-06,17,383
1,10.2,5.14490246726312,52.0964246891868,2015-01-06,18,240
1,10.2,5.14490246726312,52.0964246891868,2015-01-06,19,123
1,10.2,5.14490246726312,52.0964246891868,2015-01-06,20,79
1,10.2,5.14490246726312,52.0964246891868,2015-01-06,21,79
1,10.2,5.14490246726312,52.0964246891868,2015-01-06,22,67
1,10.2,5.14490246726312,52.0964246891868,2015-01-06,23,40
1,10.2,5.14490246726312,52.0964246891868,2015-01-07,0,16
1,10.2,5.14490246726312,52.0964246891868,2015-01-07,1,0
1,10.2,5.14490246726312,52.0964246891868,2015-01-07,2,4
1,10.2,5.14490246726312,52.0964246891868,2015-01-07,3,8
1,10.2,5.14490246726312,52.0964246891868,2015-01-07,4,13
1,10.2,5.14490246726312,52.0964246891868,2015-01-07,5,24
1,10.2,5.14490246726312,52.0964246891868,2015-01-07,6,70
1,10.2,5.14490246726312,52.0964246891868,2015-01-07,7,182
1,10.2,5.14490246726312,52.0964246891868,2015-01-07,8,220
1,10.2,5.14490246726312,52.0964246891868,2015-01-07,9,155
1,10.2,5.14490246726312,52.0964246891868,2015-01-07,10,148
1,10.2,5.14490246726312,52.0964246891868,2015-01-07,11,161
1,10.2,5.14490246726312,52.0964246891868,2015-01-07,12,175
1,10.2,5.14490246726312,52.0964246891868,2015-01-07,13,179
1,10.2,5.14490246726312,52.0964246891868,2015-01-07,14,182
1,10.2,5.14490246726312,52.0964246891868,2015-01-07,15,259
1,10.2,5.14490246726312,52.0964246891868,2015-01-07,16,361
1,10.2,5.14490246726312,52.0964246891868,2015-01-07,17,385
1,10.2,5.14490246726312,52.0964246891868,2015-01-07,18,193
1,10.2,5.14490246726312,52.0964246891868,2015-01-07,19,122
1,10.2,5.14490246726312,52.0964246891868,2015-01-07,20,93
1,10.2,5.14490246726312,52.0964246891868,2015-01-07,21,76
1,10.2,5.14490246726312,52.0964246891868,2015-01-07,22,82
1,10.2,5.14490246726312,52.0964246891868,2015-01-07,23,41
1,10.2,5.14490246726312,52.0964246891868,2015-01-08,0,26
1,10.2,5.14490246726312,52.0964246891868,2015-01-08,1,0
1,10.2,5.14490246726312,52.0964246891868,2015-01-08,2,2
1,10.2,5.14490246726312,52.0964246891868,2015-01-08,3,0
1,10.2,5.14490246726312,52.0964246891868,2015-01-08,4,8
1,10.2,5.14490246726312,52.0964246891868,2015-01-08,5,23
1,10.2,5.14490246726312,52.0964246891868,2015-01-08,6,59
1,10.2,5.14490246726312,52.0964246891868,2015-01-08,7,194
1,10.2,5.14490246726312,52.0964246891868,2015-01-08,8,282
1,10.2,5.14490246726312,52.0964246891868,2015-01-08,9,181
1,10.2,5.14490246726312,52.0964246891868,2015-01-08,10,143
1,10.2,5.14490246726312,52.0964246891868,2015-01-08,11,184
1,10.2,5.14490246726312,52.0964246891868,2015-01-08,12,171
1,10.2,5.14490246726312,52.0964246891868,2015-01-08,13,184
1,10.2,5.14490246726312,52.0964246891868,2015-01-08,14,187
1,10.2,5.14490246726312,52.0964246891868,2015-01-08,15,246
1,10.2,5.14490246726312,52.0964246891868,2015-01-08,16,440
1,10.2,5.14490246726312,52.0964246891868,2015-01-08,17,418
1,10.2,5.14490246726312,52.0964246891868,2015-01-08,18,236
1,10.2,5.14490246726312,52.0964246891868,2015-01-08,19,108
1,10.2,5.14490246726312,52.0964246891868,2015-01-08,20,96
1,10.2,5.14490246726312,52.0964246891868,2015-01-08,21,67
1,10.2,5.14490246726312,52.0964246891868,2015-01-08,22,77
1,10.2,5.14490246726312,52.0964246891868,2015-01-08,23,36
1,10.2,5.14490246726312,52.0964246891868,2015-01-09,0,37
1,10.2,5.14490246726312,52.0964246891868,2015-01-09,1,0
1,10.2,5.14490246726312,52.0964246891868,2015-01-09,3,3
1,10.2,5.14490246726312,52.0964246891868,2015-01-09,4,3
1,10.2,5.14490246726312,52.0964246891868,2015-01-09,5,20
1,10.2,5.14490246726312,52.0964246891868,2015-01-09,6,58
1,10.2,5.14490246726312,52.0964246891868,2015-01-09,7,153
1,10.2,5.14490246726312,52.0964246891868,2015-01-09,8,214
1,10.2,5.14490246726312,52.0964246891868,2015-01-09,9,129
1,10.2,5.14490246726312,52.0964246891868,2015-01-09,10,139
1,10.2,5.14490246726312,52.0964246891868,2015-01-09,11,169
1,10.2,5.14490246726312,52.0964246891868,2015-01-09,12,206
1,10.2,5.14490246726312,52.0964246891868,2015-01-09,13,195
1,10.2,5.14490246726312,52.0964246891868,2015-01-09,14,202
1,10.2,5.14490246726312,52.0964246891868,2015-01-09,15,243
1,10.2,5.14490246726312,52.0964246891868,2015-01-09,16,321
1,10.2,5.14490246726312,52.0964246891868,2015-01-09,17,458
1,10.2,5.14490246726312,52.0964246891868,2015-01-09,18,381
1,10.2,5.14490246726312,52.0964246891868,2015-01-09,19,101
1,10.2,5.14490246726312,52.0964246891868,2015-01-09,20,79
1,10.2,5.14490246726312,52.0964246891868,2015-01-09,21,72
1,10.2,5.14490246726312,52.0964246891868,2015-01-09,22,84
1,10.2,5.14490246726312,52.0964246891868,2015-01-09,23,44
1,10.2,5.14490246726312,52.0964246891868,2015-01-10,0,45
1,10.2,5.14490246726312,52.0964246891868,2015-01-10,1,0
1,10.2,5.14490246726312,52.0964246891868,2015-01-10,2,9
1,10.2,5.14490246726312,52.0964246891868,2015-01-10,3,7
1,10.2,5.14490246726312,52.0964246891868,2015-01-10,4,13
1,10.2,5.14490246726312,52.0964246891868,2015-01-10,5,14
1,10.2,5.14490246726312,52.0964246891868,2015-01-10,6,20
1,10.2,5.14490246726312,52.0964246891868,2015-01-10,7,24
1,10.2,5.14490246726312,52.0964246891868,2015-01-10,8,50
1,10.2,5.14490246726312,52.0964246891868,2015-01-10,9,88
1,10.2,5.14490246726312,52.0964246891868,2015-01-10,10,141
1,10.2,5.14490246726312,52.0964246891868,2015-01-10,11,144
1,10.2,5.14490246726312,52.0964246891868,2015-01-10,12,161
1,10.2,5.14490246726312,52.0964246891868,2015-01-10,13,181
1,10.2,5.14490246726312,52.0964246891868,2015-01-10,14,183
1,10.2,5.14490246726312,52.0964246891868,2015-01-10,15,186
1,10.2,5.14490246726312,52.0964246891868,2015-01-10,16,181
1,10.2,5.14490246726312,52.0964246891868,2015-01-10,17,134
1,10.2,5.14490246726312,52.0964246891868,2015-01-10,18,97
1,10.2,5.14490246726312,52.0964246891868,2015-01-10,19,92
1,10.2,5.14490246726312,52.0964246891868,2015-01-10,20,78
1,10.2,5.14490246726312,52.0964246891868,2015-01-10,21,80
1,10.2,5.14490246726312,52.0964246891868,2015-01-10,22,71
1,10.2,5.14490246726312,52.0964246891868,2015-01-10,23,58
1,10.2,5.14490246726312,52.0964246891868,2015-01-11,0,18
1,10.2,5.14490246726312,52.0964246891868,2015-01-11,1,0
1,10.2,5.14490246726312,52.0964246891868,2015-01-11,2,13
1,10.2,5.14490246726312,52.0964246891868,2015-01-11,3,19
1,10.2,5.14490246726312,52.0964246891868,2015-01-11,4,12
1,10.2,5.14490246726312,52.0964246891868,2015-01-11,5,3
1,10.2,5.14490246726312,52.0964246891868,2015-01-11,6,12
1,10.2,5.14490246726312,52.0964246891868,2015-01-11,7,20
1,10.2,5.14490246726312,52.0964246891868,2015-01-11,8,20
1,10.2,5.14490246726312,52.0964246891868,2015-01-11,9,56
1,10.2,5.14490246726312,52.0964246891868,2015-01-11,10,91
1,10.2,5.14490246726312,52.0964246891868,2015-01-11,11,125
1,10.2,5.14490246726312,52.0964246891868,2015-01-11,12,142
1,10.2,5.14490246726312,52.0964246891868,2015-01-11,13,167
1,10.2,5.14490246726312,52.0964246891868,2015-01-11,14,168
1,10.2,5.14490246726312,52.0964246891868,2015-01-11,15,189
1,10.2,5.14490246726312,52.0964246891868,2015-01-11,16,158
1,10.2,5.14490246726312,52.0964246891868,2015-01-11,17,118
1,10.2,5.14490246726312,52.0964246891868,2015-01-11,18,117
1,10.2,5.14490246726312,52.0964246891868,2015-01-11,19,111
1,10.2,5.14490246726312,52.0964246891868,2015-01-11,20,86
1,10.2,5.14490246726312,52.0964246891868,2015-01-11,21,60
1,10.2,5.14490246726312,52.0964246891868,2015-01-11,22,48
1,10.2,5.14490246726312,52.0964246891868,2015-01-11,23,26
1,10.2,5.14490246726312,52.0964246891868,2015-01-12,0,18
1,10.2,5.14490246726312,52.0964246891868,2015-01-12,1,0
1,10.2,5.14490246726312,52.0964246891868,2015-01-12,2,1
1,10.2,5.14490246726312,52.0964246891868,2015-01-12,3,5
1,10.2,5.14490246726312,52.0964246891868,2015-01-12,4,4
1,10.2,5.14490246726312,52.0964246891868,2015-01-12,5,13
1,10.2,5.14490246726312,52.0964246891868,2015-01-12,6,62
1,10.2,5.14490246726312,52.0964246891868,2015-01-12,7,210
1,10.2,5.14490246726312,52.0964246891868,2015-01-12,8,356
1,10.2,5.14490246726312,52.0964246891868,2015-01-12,9,174
1,10.2,5.14490246726312,52.0964246891868,2015-01-12,10,142
1,10.2,5.14490246726312,52.0964246891868,2015-01-12,11,145
1,10.2,5.14490246726312,52.0964246891868,2015-01-12,12,140
1,10.2,5.14490246726312,52.0964246891868,2015-01-12,13,164
1,10.2,5.14490246726312,52.0964246891868,2015-01-12,14,185
1,10.2,5.14490246726312,52.0964246891868,2015-01-12,15,245
1,10.2,5.14490246726312,52.0964246891868,2015-01-12,16,315
1,10.2,5.14490246726312,52.0964246891868,2015-01-12,17,397
1,10.2,5.14490246726312,52.0964246891868,2015-01-12,18,199
1,10.2,5.14490246726312,52.0964246891868,2015-01-12,19,125
1,10.2,5.14490246726312,52.0964246891868,2015-01-12,20,100
1,10.2,5.14490246726312,52.0964246891868,2015-01-12,21,79
1,10.2,5.14490246726312,52.0964246891868,2015-01-12,22,63
1,10.2,5.14490246726312,52.0964246891868,2015-01-12,23,30
1,10.2,5.14490246726312,52.0964246891868,2015-01-13,0,20
1,10.2,5.14490246726312,52.0964246891868,2015-01-13,1,0
1,10.2,5.14490246726312,52.0964246891868,2015-01-13,2,3
1,10.2,5.14490246726312,52.0964246891868,2015-01-13,3,4
1,10.2,5.14490246726312,52.0964246891868,2015-01-13,4,1
1,10.2,5.14490246726312,52.0964246891868,2015-01-13,5,15
1,10.2,5.14490246726312,52.0964246891868,2015-01-13,6,80
1,10.2,5.14490246726312,52.0964246891868,2015-01-13,7,229
1,10.2,5.14490246726312,52.0964246891868,2015-01-13,8,344
1,10.2,5.14490246726312,52.0964246891868,2015-01-13,9,319
1,10.2,5.14490246726312,52.0964246891868,2015-01-13,10,269
1,10.2,5.14490246726312,52.0964246891868,2015-01-13,11,156
1,10.2,5.14490246726312,52.0964246891868,2015-01-13,12,173
1,10.2,5.14490246726312,52.0964246891868,2015-01-13,13,164
1,10.2,5.14490246726312,52.0964246891868,2015-01-13,14,201
1,10.2,5.14490246726312,52.0964246891868,2015-01-13,15,268
1,10.2,5.14490246726312,52.0964246891868,2015-01-13,16,448
1,10.2,5.14490246726312,52.0964246891868,2015-01-13,17,459
1,10.2,5.14490246726312,52.0964246891868,2015-01-13,18,321
1,10.2,5.14490246726312,52.0964246891868,2015-01-13,19,141
1,10.2,5.14490246726312,52.0964246891868,2015-01-13,20,99
1,10.2,5.14490246726312,52.0964246891868,2015-01-13,21,79
1,10.2,5.14490246726312,52.0964246891868,2015-01-13,22,51
1,10.2,5.14490246726312,52.0964246891868,2015-01-13,23,37
1,10.2,5.14490246726312,52.0964246891868,2015-01-14,0,20
1,10.2,5.14490246726312,52.0964246891868,2015-01-14,1,0
1,10.2,5.14490246726312,52.0964246891868,2015-01-14,2,6
1,10.2,5.14490246726312,52.0964246891868,2015-01-14,3,3
1,10.2,5.14490246726312,52.0964246891868,2015-01-14,4,4
1,10.2,5.14490246726312,52.0964246891868,2015-01-14,5,14
1,10.2,5.14490246726312,52.0964246891868,2015-01-14,6,73
1,10.2,5.14490246726312,52.0964246891868,2015-01-14,7,193
1,10.2,5.14490246726312,52.0964246891868,2015-01-14,8,286
1,10.2,5.14490246726312,52.0964246891868,2015-01-14,9,183
1,10.2,5.14490246726312,52.0964246891868,2015-01-14,10,133
1,10.2,5.14490246726312,52.0964246891868,2015-01-14,11,175
1,10.2,5.14490246726312,52.0964246891868,2015-01-14,12,187
1,10.2,5.14490246726312,52.0964246891868,2015-01-14,13,162
1,10.2,5.14490246726312,52.0964246891868,2015-01-14,14,183
1,10.2,5.14490246726312,52.0964246891868,2015-01-14,15,254
1,10.2,5.14490246726312,52.0964246891868,2015-01-14,16,416
1,10.2,5.14490246726312,52.0964246891868,2015-01-14,17,493
1,10.2,5.14490246726312,52.0964246891868,2015-01-14,18,201
1,10.2,5.14490246726312,52.0964246891868,2015-01-14,19,122
1,10.2,5.14490246726312,52.0964246891868,2015-01-14,20,93
1,10.2,5.14490246726312,52.0964246891868,2015-01-14,21,103
1,10.2,5.14490246726312,52.0964246891868,2015-01-14,22,80
1,10.2,5.14490246726312,52.0964246891868,2015-01-14,23,31
1,10.2,5.14490246726312,52.0964246891868,2015-01-15,0,24
1,10.2,5.14490246726312,52.0964246891868,2015-01-15,1,0
1,10.2,5.14490246726312,52.0964246891868,2015-01-15,3,4
1,10.2,5.14490246726312,52.0964246891868,2015-01-15,4,1
1,10.2,5.14490246726312,52.0964246891868,2015-01-15,5,22
1,10.2,5.14490246726312,52.0964246891868,2015-01-15,6,75
1,10.2,5.14490246726312,52.0964246891868,2015-01-15,7,216
1,10.2,5.14490246726312,52.0964246891868,2015-01-15,8,333
1,10.2,5.14490246726312,52.0964246891868,2015-01-15,9,277
1,10.2,5.14490246726312,52.0964246891868,2015-01-15,10,140
1,10.2,5.14490246726312,52.0964246891868,2015-01-15,11,163
1,10.2,5.14490246726312,52.0964246891868,2015-01-15,12,178
1,10.2,5.14490246726312,52.0964246891868,2015-01-15,13,193
1,10.2,5.14490246726312,52.0964246891868,2015-01-15,14,217
1,10.2,5.14490246726312,52.0964246891868,2015-01-15,15,265
1,10.2,5.14490246726312,52.0964246891868,2015-01-15,16,469
1,10.2,5.14490246726312,52.0964246891868,2015-01-15,17,470
1,10.2,5.14490246726312,52.0964246891868,2015-01-15,18,290
1,10.2,5.14490246726312,52.0964246891868,2015-01-15,19,120
1,10.2,5.14490246726312,52.0964246891868,2015-01-15,20,105
1,10.2,5.14490246726312,52.0964246891868,2015-01-15,21,80
1,10.2,5.14490246726312,52.0964246891868,2015-01-15,22,70
1,10.2,5.14490246726312,52.0964246891868,2015-01-15,23,47
1,10.2,5.14490246726312,52.0964246891868,2015-01-16,0,36
1,10.2,5.14490246726312,52.0964246891868,2015-01-16,1,0
1,10.2,5.14490246726312,52.0964246891868,2015-01-16,2,7
1,10.2,5.14490246726312,52.0964246891868,2015-01-16,3,6
1,10.2,5.14490246726312,52.0964246891868,2015-01-16,4,6
1,10.2,5.14490246726312,52.0964246891868,2015-01-16,5,17
1,10.2,5.14490246726312,52.0964246891868,2015-01-16,6,75
1,10.2,5.14490246726312,52.0964246891868,2015-01-16,7,163
1,10.2,5.14490246726312,52.0964246891868,2015-01-16,8,196
1,10.2,5.14490246726312,52.0964246891868,2015-01-16,9,150
1,10.2,5.14490246726312,52.0964246891868,2015-01-16,10,150
1,10.2,5.14490246726312,52.0964246891868,2015-01-16,11,158
1,10.2,5.14490246726312,52.0964246891868,2015-01-16,12,181
1,10.2,5.14490246726312,52.0964246891868,2015-01-16,13,209
1,10.2,5.14490246726312,52.0964246891868,2015-01-16,14,222
1,10.2,5.14490246726312,52.0964246891868,2015-01-16,15,348
1,10.2,5.14490246726312,52.0964246891868,2015-01-16,16,422
1,10.2,5.14490246726312,52.0964246891868,2015-01-16,17,446
1,10.2,5.14490246726312,52.0964246891868,2015-01-16,18,213
1,10.2,5.14490246726312,52.0964246891868,2015-01-16,19,122
1,10.2,5.14490246726312,52.0964246891868,2015-01-16,20,89
1,10.2,5.14490246726312,52.0964246891868,2015-01-16,21,83
1,10.2,5.14490246726312,52.0964246891868,2015-01-16,22,93
1,10.2,5.14490246726312,52.0964246891868,2015-01-16,23,57
1,10.2,5.14490246726312,52.0964246891868,2015-01-17,0,44
1,10.2,5.14490246726312,52.0964246891868,2015-01-17,1,0
1,10.2,5.14490246726312,52.0964246891868,2015-01-17,2,14
1,10.2,5.14490246726312,52.0964246891868,2015-01-17,3,6
1,10.2,5.14490246726312,52.0964246891868,2015-01-17,4,13
1,10.2,5.14490246726312,52.0964246891868,2015-01-17,5,13
1,10.2,5.14490246726312,52.0964246891868,2015-01-17,6,23
1,10.2,5.14490246726312,52.0964246891868,2015-01-17,7,33
1,10.2,5.14490246726312,52.0964246891868,2015-01-17,8,69
1,10.2,5.14490246726312,52.0964246891868,2015-01-17,9,96
1,10.2,5.14490246726312,52.0964246891868,2015-01-17,10,163
1,10.2,5.14490246726312,52.0964246891868,2015-01-17,11,208
1,10.2,5.14490246726312,52.0964246891868,2015-01-17,12,174
1,10.2,5.14490246726312,52.0964246891868,2015-01-17,13,195
1,10.2,5.14490246726312,52.0964246891868,2015-01-17,14,224
1,10.2,5.14490246726312,52.0964246891868,2015-01-17,15,205
1,10.2,5.14490246726312,52.0964246891868,2015-01-17,16,207
1,10.2,5.14490246726312,52.0964246891868,2015-01-17,17,162
1,10.2,5.14490246726312,52.0964246891868,2015-01-17,18,120
1,10.2,5.14490246726312,52.0964246891868,2015-01-17,19,100
1,10.2,5.14490246726312,52.0964246891868,2015-01-17,20,86
1,10.2,5.14490246726312,52.0964246891868,2015-01-17,21,87
1,10.2,5.14490246726312,52.0964246891868,2015-01-17,22,68
1,10.2,5.14490246726312,52.0964246891868,2015-01-17,23,59
1,10.2,5.14490246726312,52.0964246891868,2015-01-18,0,20
1,10.2,5.14490246726312,52.0964246891868,2015-01-18,1,0
1,10.2,5.14490246726312,52.0964246891868,2015-01-18,2,13
1,10.2,5.14490246726312,52.0964246891868,2015-01-18,3,11
1,10.2,5.14490246726312,52.0964246891868,2015-01-18,4,7
1,10.2,5.14490246726312,52.0964246891868,2015-01-18,5,5
1,10.2,5.14490246726312,52.0964246891868,2015-01-18,6,9
1,10.2,5.14490246726312,52.0964246891868,2015-01-18,7,15
1,10.2,5.14490246726312,52.0964246891868,2015-01-18,8,37
1,10.2,5.14490246726312,52.0964246891868,2015-01-18,9,63
1,10.2,5.14490246726312,52.0964246891868,2015-01-18,10,84
1,10.2,5.14490246726312,52.0964246891868,2015-01-18,11,121
1,10.2,5.14490246726312,52.0964246891868,2015-01-18,12,140
1,10.2,5.14490246726312,52.0964246891868,2015-01-18,13,176
1,10.2,5.14490246726312,52.0964246891868,2015-01-18,14,164
1,10.2,5.14490246726312,52.0964246891868,2015-01-18,15,153
1,10.2,5.14490246726312,52.0964246891868,2015-01-18,16,147
1,10.2,5.14490246726312,52.0964246891868,2015-01-18,17,132
1,10.2,5.14490246726312,52.0964246891868,2015-01-18,18,94
1,10.2,5.14490246726312,52.0964246891868,2015-01-18,19,94
1,10.2,5.14490246726312,52.0964246891868,2015-01-18,20,81
1,10.2,5.14490246726312,52.0964246891868,2015-01-18,21,48
1,10.2,5.14490246726312,52.0964246891868,2015-01-18,22,57
1,10.2,5.14490246726312,52.0964246891868,2015-01-18,23,26
1,10.2,5.14490246726312,52.0964246891868,2015-01-19,0,21
1,10.2,5.14490246726312,52.0964246891868,2015-01-19,1,0
1,10.2,5.14490246726312,52.0964246891868,2015-01-19,2,4
1,10.2,5.14490246726312,52.0964246891868,2015-01-19,3,2
1,10.2,5.14490246726312,52.0964246891868,2015-01-19,4,6
1,10.2,5.14490246726312,52.0964246891868,2015-01-19,5,18
1,10.2,5.14490246726312,52.0964246891868,2015-01-19,6,83
1,10.2,5.14490246726312,52.0964246891868,2015-01-19,7,194
1,10.2,5.14490246726312,52.0964246891868,2015-01-19,8,277
1,10.2,5.14490246726312,52.0964246891868,2015-01-19,9,172
1,10.2,5.14490246726312,52.0964246891868,2015-01-19,10,124
1,10.2,5.14490246726312,52.0964246891868,2015-01-19,11,144
1,10.2,5.14490246726312,52.0964246891868,2015-01-19,12,145
1,10.2,5.14490246726312,52.0964246891868,2015-01-19,13,150
1,10.2,5.14490246726312,52.0964246891868,2015-01-19,14,177
1,10.2,5.14490246726312,52.0964246891868,2015-01-19,15,254
1,10.2,5.14490246726312,52.0964246891868,2015-01-19,16,366
1,10.2,5.14490246726312,52.0964246891868,2015-01-19,17,445
1,10.2,5.14490246726312,52.0964246891868,2015-01-19,18,202
1,10.2,5.14490246726312,52.0964246891868,2015-01-19,19,132
1,10.2,5.14490246726312,52.0964246891868,2015-01-19,20,82
1,10.2,5.14490246726312,52.0964246891868,2015-01-19,21,71
1,10.2,5.14490246726312,52.0964246891868,2015-01-19,22,98
1,10.2,5.14490246726312,52.0964246891868,2015-01-19,23,38
1,10.2,5.14490246726312,52.0964246891868,2015-01-20,0,19
1,10.2,5.14490246726312,52.0964246891868,2015-01-20,1,0
1,10.2,5.14490246726312,52.0964246891868,2015-01-20,2,4
1,10.2,5.14490246726312,52.0964246891868,2015-01-20,3,3
1,10.2,5.14490246726312,52.0964246891868,2015-01-20,4,2
1,10.2,5.14490246726312,52.0964246891868,2015-01-20,5,21
1,10.2,5.14490246726312,52.0964246891868,2015-01-20,6,80
1,10.2,5.14490246726312,52.0964246891868,2015-01-20,7,237
1,10.2,5.14490246726312,52.0964246891868,2015-01-20,8,290
1,10.2,5.14490246726312,52.0964246891868,2015-01-20,9,187
1,10.2,5.14490246726312,52.0964246891868,2015-01-20,10,157
1,10.2,5.14490246726312,52.0964246891868,2015-01-20,11,147
1,10.2,5.14490246726312,52.0964246891868,2015-01-20,12,162
1,10.2,5.14490246726312,52.0964246891868,2015-01-20,13,178
1,10.2,5.14490246726312,52.0964246891868,2015-01-20,14,207
1,10.2,5.14490246726312,52.0964246891868,2015-01-20,15,250
1,10.2,5.14490246726312,52.0964246891868,2015-01-20,16,432
1,10.2,5.14490246726312,52.0964246891868,2015-01-20,17,415
1,10.2,5.14490246726312,52.0964246891868,2015-01-20,18,269
1,10.2,5.14490246726312,52.0964246891868,2015-01-20,19,138
1,10.2,5.14490246726312,52.0964246891868,2015-01-20,20,107
1,10.2,5.14490246726312,52.0964246891868,2015-01-20,21,83
1,10.2,5.14490246726312,52.0964246891868,2015-01-20,22,92
1,10.2,5.14490246726312,52.0964246891868,2015-01-20,23,38
1,10.2,5.14490246726312,52.0964246891868,2015-01-21,0,16
1,10.2,5.14490246726312,52.0964246891868,2015-01-21,1,0
1,10.2,5.14490246726312,52.0964246891868,2015-01-21,2,5
1,10.2,5.14490246726312,52.0964246891868,2015-01-21,3,4
1,10.2,5.14490246726312,52.0964246891868,2015-01-21,4,3
1,10.2,5.14490246726312,52.0964246891868,2015-01-21,5,25
1,10.2,5.14490246726312,52.0964246891868,2015-01-21,6,66
1,10.2,5.14490246726312,52.0964246891868,2015-01-21,7,209
1,10.2,5.14490246726312,52.0964246891868,2015-01-21,8,247
1,10.2,5.14490246726312,52.0964246891868,2015-01-21,9,142
1,10.2,5.14490246726312,52.0964246891868,2015-01-21,10,147
1,10.2,5.14490246726312,52.0964246891868,2015-01-21,11,172
1,10.2,5.14490246726312,52.0964246891868,2015-01-21,12,183
1,10.2,5.14490246726312,52.0964246891868,2015-01-21,13,82
1,10.2,5.14490246726312,52.0964246891868,2015-01-21,14,181
1,10.2,5.14490246726312,52.0964246891868,2015-01-21,15,225
1,10.2,5.14490246726312,52.0964246891868,2015-01-21,16,342
1,10.2,5.14490246726312,52.0964246891868,2015-01-21,17,385
1,10.2,5.14490246726312,52.0964246891868,2015-01-21,18,220
1,10.2,5.14490246726312,52.0964246891868,2015-01-21,19,134
1,10.2,5.14490246726312,52.0964246891868,2015-01-21,20,85
1,10.2,5.14490246726312,52.0964246891868,2015-01-21,21,91
1,10.2,5.14490246726312,52.0964246891868,2015-01-21,22,81
1,10.2,5.14490246726312,52.0964246891868,2015-01-21,23,31
1,10.2,5.14490246726312,52.0964246891868,2015-01-22,0,26
1,10.2,5.14490246726312,52.0964246891868,2015-01-22,1,0
1,10.2,5.14490246726312,52.0964246891868,2015-01-22,2,5
1,10.2,5.14490246726312,52.0964246891868,2015-01-22,3,2
1,10.2,5.14490246726312,52.0964246891868,2015-01-22,4,7
1,10.2,5.14490246726312,52.0964246891868,2015-01-22,5,25
1,10.2,5.14490246726312,52.0964246891868,2015-01-22,6,79
1,10.2,5.14490246726312,52.0964246891868,2015-01-22,7,193
1,10.2,5.14490246726312,52.0964246891868,2015-01-22,8,312
1,10.2,5.14490246726312,52.0964246891868,2015-01-22,9,162
1,10.2,5.14490246726312,52.0964246891868,2015-01-22,10,153
1,10.2,5.14490246726312,52.0964246891868,2015-01-22,11,159
1,10.2,5.14490246726312,52.0964246891868,2015-01-22,12,170
1,10.2,5.14490246726312,52.0964246891868,2015-01-22,13,185
1,10.2,5.14490246726312,52.0964246891868,2015-01-22,14,197
1,10.2,5.14490246726312,52.0964246891868,2015-01-22,15,270
1,10.2,5.14490246726312,52.0964246891868,2015-01-22,16,498
1,10.2,5.14490246726312,52.0964246891868,2015-01-22,17,503
1,10.2,5.14490246726312,52.0964246891868,2015-01-22,18,359
1,10.2,5.14490246726312,52.0964246891868,2015-01-22,19,141
1,10.2,5.14490246726312,52.0964246891868,2015-01-22,20,99
1,10.2,5.14490246726312,52.0964246891868,2015-01-22,21,93
1,10.2,5.14490246726312,52.0964246891868,2015-01-22,22,91
1,10.2,5.14490246726312,52.0964246891868,2015-01-22,23,38
1,10.2,5.14490246726312,52.0964246891868,2015-01-23,0,32
1,10.2,5.14490246726312,52.0964246891868,2015-01-23,1,0
1,10.2,5.14490246726312,52.0964246891868,2015-01-23,2,4
1,10.2,5.14490246726312,52.0964246891868,2015-01-23,3,7
1,10.2,5.14490246726312,52.0964246891868,2015-01-23,4,5
1,10.2,5.14490246726312,52.0964246891868,2015-01-23,5,17
1,10.2,5.14490246726312,52.0964246891868,2015-01-23,6,69
1,10.2,5.14490246726312,52.0964246891868,2015-01-23,7,167
1,10.2,5.14490246726312,52.0964246891868,2015-01-23,8,231
1,10.2,5.14490246726312,52.0964246891868,2015-01-23,9,177
1,10.2,5.14490246726312,52.0964246891868,2015-01-23,10,170
1,10.2,5.14490246726312,52.0964246891868,2015-01-23,11,156
1,10.2,5.14490246726312,52.0964246891868,2015-01-23,12,174
1,10.2,5.14490246726312,52.0964246891868,2015-01-23,13,200
1,10.2,5.14490246726312,52.0964246891868,2015-01-23,14,232
1,10.2,5.14490246726312,52.0964246891868,2015-01-23,15,235
1,10.2,5.14490246726312,52.0964246891868,2015-01-23,16,309
1,10.2,5.14490246726312,52.0964246891868,2015-01-23,17,355
1,10.2,5.14490246726312,52.0964246891868,2015-01-23,18,184
1,10.2,5.14490246726312,52.0964246891868,2015-01-23,19,134
1,10.2,5.14490246726312,52.0964246891868,2015-01-23,20,93
1,10.2,5.14490246726312,52.0964246891868,2015-01-23,21,95
1,10.2,5.14490246726312,52.0964246891868,2015-01-23,22,91
1,10.2,5.14490246726312,52.0964246891868,2015-01-23,23,45
1,10.2,5.14490246726312,52.0964246891868,2015-01-24,0,49
1,10.2,5.14490246726312,52.0964246891868,2015-01-24,1,0
1,10.2,5.14490246726312,52.0964246891868,2015-01-24,2,11
1,10.2,5.14490246726312,52.0964246891868,2015-01-24,3,12
1,10.2,5.14490246726312,52.0964246891868,2015-01-24,4,11
1,10.2,5.14490246726312,52.0964246891868,2015-01-24,5,17
1,10.2,5.14490246726312,52.0964246891868,2015-01-24,6,20
1,10.2,5.14490246726312,52.0964246891868,2015-01-24,7,40
1,10.2,5.14490246726312,52.0964246891868,2015-01-24,8,55
1,10.2,5.14490246726312,52.0964246891868,2015-01-24,9,91
1,10.2,5.14490246726312,52.0964246891868,2015-01-24,10,134
1,10.2,5.14490246726312,52.0964246891868,2015-01-24,11,145
1,10.2,5.14490246726312,52.0964246891868,2015-01-24,12,157
1,10.2,5.14490246726312,52.0964246891868,2015-01-24,13,183
1,10.2,5.14490246726312,52.0964246891868,2015-01-24,14,208
1,10.2,5.14490246726312,52.0964246891868,2015-01-24,15,205
1,10.2,5.14490246726312,52.0964246891868,2015-01-24,16,184
1,10.2,5.14490246726312,52.0964246891868,2015-01-24,17,161
1,10.2,5.14490246726312,52.0964246891868,2015-01-24,18,107
1,10.2,5.14490246726312,52.0964246891868,2015-01-24,19,99
1,10.2,5.14490246726312,52.0964246891868,2015-01-24,20,87
1,10.2,5.14490246726312,52.0964246891868,2015-01-24,21,72
1,10.2,5.14490246726312,52.0964246891868,2015-01-24,22,92
1,10.2,5.14490246726312,52.0964246891868,2015-01-24,23,65
1,10.2,5.14490246726312,52.0964246891868,2015-01-25,0,22
1,10.2,5.14490246726312,52.0964246891868,2015-01-25,1,0
1,10.2,5.14490246726312,52.0964246891868,2015-01-25,2,18
1,10.2,5.14490246726312,52.0964246891868,2015-01-25,3,15
1,10.2,5.14490246726312,52.0964246891868,2015-01-25,4,10
1,10.2,5.14490246726312,52.0964246891868,2015-01-25,5,8
1,10.2,5.14490246726312,52.0964246891868,2015-01-25,6,13
1,10.2,5.14490246726312,52.0964246891868,2015-01-25,7,11
1,10.2,5.14490246726312,52.0964246891868,2015-01-25,8,25
1,10.2,5.14490246726312,52.0964246891868,2015-01-25,9,58
1,10.2,5.14490246726312,52.0964246891868,2015-01-25,10,88
1,10.2,5.14490246726312,52.0964246891868,2015-01-25,11,112
1,10.2,5.14490246726312,52.0964246891868,2015-01-25,12,168
1,10.2,5.14490246726312,52.0964246891868,2015-01-25,13,171
1,10.2,5.14490246726312,52.0964246891868,2015-01-25,14,177
1,10.2,5.14490246726312,52.0964246891868,2015-01-25,15,179
1,10.2,5.14490246726312,52.0964246891868,2015-01-25,16,169
1,10.2,5.14490246726312,52.0964246891868,2015-01-25,17,144
1,10.2,5.14490246726312,52.0964246891868,2015-01-25,18,100
1,10.2,5.14490246726312,52.0964246891868,2015-01-25,19,95
1,10.2,5.14490246726312,52.0964246891868,2015-01-25,20,87
1,10.2,5.14490246726312,52.0964246891868,2015-01-25,21,64
1,10.2,5.14490246726312,52.0964246891868,2015-01-25,22,56
1,10.2,5.14490246726312,52.0964246891868,2015-01-25,23,35
1,10.2,5.14490246726312,52.0964246891868,2015-01-27,0,22
1,10.2,5.14490246726312,52.0964246891868,2015-01-27,1,0
1,10.2,5.14490246726312,52.0964246891868,2015-01-27,2,6
1,10.2,5.14490246726312,52.0964246891868,2015-01-27,3,2
1,10.2,5.14490246726312,52.0964246891868,2015-01-27,5,12
1,10.2,5.14490246726312,52.0964246891868,2015-01-27,6,76
1,10.2,5.14490246726312,52.0964246891868,2015-01-27,7,215
1,10.2,5.14490246726312,52.0964246891868,2015-01-27,8,260
1,10.2,5.14490246726312,52.0964246891868,2015-01-27,9,176
1,10.2,5.14490246726312,52.0964246891868,2015-01-27,10,125
1,10.2,5.14490246726312,52.0964246891868,2015-01-27,11,157
1,10.2,5.14490246726312,52.0964246891868,2015-01-27,12,143
1,10.2,5.14490246726312,52.0964246891868,2015-01-27,13,186
1,10.2,5.14490246726312,52.0964246891868,2015-01-27,14,188
1,10.2,5.14490246726312,52.0964246891868,2015-01-27,15,228
1,10.2,5.14490246726312,52.0964246891868,2015-01-27,16,431
1,10.2,5.14490246726312,52.0964246891868,2015-01-27,17,478
1,10.2,5.14490246726312,52.0964246891868,2015-01-27,18,275
1,10.2,5.14490246726312,52.0964246891868,2015-01-27,19,133
1,10.2,5.14490246726312,52.0964246891868,2015-01-27,20,107
1,10.2,5.14490246726312,52.0964246891868,2015-01-27,21,102
1,10.2,5.14490246726312,52.0964246891868,2015-01-27,22,90
1,10.2,5.14490246726312,52.0964246891868,2015-01-27,23,41
1,10.2,5.14490246726312,52.0964246891868,2015-01-28,0,0
1,10.2,5.14490246726312,52.0964246891868,2015-01-28,1,0
1,10.2,5.14490246726312,52.0964246891868,2015-01-28,2,4
1,10.2,5.14490246726312,52.0964246891868,2015-01-28,3,3
1,10.2,5.14490246726312,52.0964246891868,2015-01-28,4,8
1,10.2,5.14490246726312,52.0964246891868,2015-01-28,5,16
1,10.2,5.14490246726312,52.0964246891868,2015-01-28,6,71
1,10.2,5.14490246726312,52.0964246891868,2015-01-28,7,182
1,10.2,5.14490246726312,52.0964246891868,2015-01-28,8,122
1,10.2,5.14490246726312,52.0964246891868,2015-01-30,0,45
1,10.2,5.14490246726312,52.0964246891868,2015-01-30,1,0
1,10.2,5.14490246726312,52.0964246891868,2015-01-30,2,0
1,10.2,5.14490246726312,52.0964246891868,2015-01-30,3,0
1,10.2,5.14490246726312,52.0964246891868,2015-01-30,4,0
1,10.2,5.14490246726312,52.0964246891868,2015-01-30,5,0
1,10.2,5.14490246726312,52.0964246891868,2015-01-30,6,0
1,10.2,5.14490246726312,52.0964246891868,2015-01-30,11,112
1,10.2,5.14490246726312,52.0964246891868,2015-01-30,12,188
1,10.2,5.14490246726312,52.0964246891868,2015-01-30,13,208
1,10.2,5.14490246726312,52.0964246891868,2015-01-30,14,212
1,10.2,5.14490246726312,52.0964246891868,2015-01-30,15,246
1,10.2,5.14490246726312,52.0964246891868,2015-01-30,16,277
1,10.2,5.14490246726312,52.0964246891868,2015-01-30,17,347
1,10.2,5.14490246726312,52.0964246891868,2015-01-30,18,185
1,10.2,5.14490246726312,52.0964246891868,2015-01-30,19,127
1,10.2,5.14490246726312,52.0964246891868,2015-01-30,20,97
1,10.2,5.14490246726312,52.0964246891868,2015-01-30,21,115
1,10.2,5.14490246726312,52.0964246891868,2015-01-30,22,93
1,10.2,5.14490246726312,52.0964246891868,2015-01-30,23,81
1,10.2,5.14490246726312,52.0964246891868,2015-01-31,0,55
1,10.2,5.14490246726312,52.0964246891868,2015-01-31,1,0
1,10.2,5.14490246726312,52.0964246891868,2015-01-31,2,23
1,10.2,5.14490246726312,52.0964246891868,2015-01-31,3,15
1,10.2,5.14490246726312,52.0964246891868,2015-01-31,4,9
1,10.2,5.14490246726312,52.0964246891868,2015-01-31,5,18
1,10.2,5.14490246726312,52.0964246891868,2015-01-31,6,41
1,10.2,5.14490246726312,52.0964246891868,2015-01-31,7,29
1,10.2,5.14490246726312,52.0964246891868,2015-01-31,8,64
1,10.2,5.14490246726312,52.0964246891868,2015-01-31,9,106
1,10.2,5.14490246726312,52.0964246891868,2015-01-31,10,130
1,10.2,5.14490246726312,52.0964246891868,2015-01-31,11,173
1,10.2,5.14490246726312,52.0964246891868,2015-01-31,12,196
1,10.2,5.14490246726312,52.0964246891868,2015-01-31,13,175
1,10.2,5.14490246726312,52.0964246891868,2015-01-31,14,186
1,10.2,5.14490246726312,52.0964246891868,2015-01-31,15,164
1,10.2,5.14490246726312,52.0964246891868,2015-01-31,16,182
1,10.2,5.14490246726312,52.0964246891868,2015-01-31,17,142
1,10.2,5.14490246726312,52.0964246891868,2015-01-31,18,123
1,10.2,5.14490246726312,52.0964246891868,2015-01-31,19,92
1,10.2,5.14490246726312,52.0964246891868,2015-01-31,20,109
1,10.2,5.14490246726312,52.0964246891868,2015-01-31,21,87
1,10.2,5.14490246726312,52.0964246891868,2015-01-31,22,68
1,10.2,5.14490246726312,52.0964246891868,2015-01-31,23,63
1,10.3,5.14494343455834,52.0964297699541,2015-01-01,0,19
1,10.3,5.14494343455834,52.0964297699541,2015-01-01,1,0
1,10.3,5.14494343455834,52.0964297699541,2015-01-01,2,49
1,10.3,5.14494343455834,52.0964297699541,2015-01-01,3,31
1,10.3,5.14494343455834,52.0964297699541,2015-01-01,4,21
1,10.3,5.14494343455834,52.0964297699541,2015-01-01,5,13
1,10.3,5.14494343455834,52.0964297699541,2015-01-01,6,12
1,10.3,5.14494343455834,52.0964297699541,2015-01-01,7,16
1,10.3,5.14494343455834,52.0964297699541,2015-01-01,8,8
1,10.3,5.14494343455834,52.0964297699541,2015-01-01,9,19
1,10.3,5.14494343455834,52.0964297699541,2015-01-01,10,33
1,10.3,5.14494343455834,52.0964297699541,2015-01-01,11,57
1,10.3,5.14494343455834,52.0964297699541,2015-01-01,12,99
1,10.3,5.14494343455834,52.0964297699541,2015-01-01,13,137
1,10.3,5.14494343455834,52.0964297699541,2015-01-01,14,151
1,10.3,5.14494343455834,52.0964297699541,2015-01-01,15,170
1,10.3,5.14494343455834,52.0964297699541,2015-01-01,16,169
1,10.3,5.14494343455834,52.0964297699541,2015-01-01,17,134
1,10.3,5.14494343455834,52.0964297699541,2015-01-01,18,107
1,10.3,5.14494343455834,52.0964297699541,2015-01-01,19,82
1,10.3,5.14494343455834,52.0964297699541,2015-01-01,20,73
1,10.3,5.14494343455834,52.0964297699541,2015-01-01,21,50
1,10.3,5.14494343455834,52.0964297699541,2015-01-01,22,49
1,10.3,5.14494343455834,52.0964297699541,2015-01-01,23,32
1,10.3,5.14494343455834,52.0964297699541,2015-01-02,0,28
1,10.3,5.14494343455834,52.0964297699541,2015-01-02,1,0
1,10.3,5.14494343455834,52.0964297699541,2015-01-02,2,6
1,10.3,5.14494343455834,52.0964297699541,2015-01-02,3,7
1,10.3,5.14494343455834,52.0964297699541,2015-01-02,4,5
1,10.3,5.14494343455834,52.0964297699541,2015-01-02,5,9
1,10.3,5.14494343455834,52.0964297699541,2015-01-02,6,39
1,10.3,5.14494343455834,52.0964297699541,2015-01-02,7,65
1,10.3,5.14494343455834,52.0964297699541,2015-01-02,8,92
1,10.3,5.14494343455834,52.0964297699541,2015-01-02,9,94
1,10.3,5.14494343455834,52.0964297699541,2015-01-02,10,128
1,10.3,5.14494343455834,52.0964297699541,2015-01-02,11,154
1,10.3,5.14494343455834,52.0964297699541,2015-01-02,12,136
1,10.3,5.14494343455834,52.0964297699541,2015-01-02,13,171
1,10.3,5.14494343455834,52.0964297699541,2015-01-02,14,198
1,10.3,5.14494343455834,52.0964297699541,2015-01-02,15,226
1,10.3,5.14494343455834,52.0964297699541,2015-01-02,16,208
1,10.3,5.14494343455834,52.0964297699541,2015-01-02,17,184
1,10.3,5.14494343455834,52.0964297699541,2015-01-02,18,116
1,10.3,5.14494343455834,52.0964297699541,2015-01-02,19,108
1,10.3,5.14494343455834,52.0964297699541,2015-01-02,20,70
1,10.3,5.14494343455834,52.0964297699541,2015-01-02,21,78
1,10.3,5.14494343455834,52.0964297699541,2015-01-02,22,59
1,10.3,5.14494343455834,52.0964297699541,2015-01-02,23,43
1,10.3,5.14494343455834,52.0964297699541,2015-01-04,0,18
1,10.3,5.14494343455834,52.0964297699541,2015-01-04,1,0
1,10.3,5.14494343455834,52.0964297699541,2015-01-04,2,8
1,10.3,5.14494343455834,52.0964297699541,2015-01-04,3,9
1,10.3,5.14494343455834,52.0964297699541,2015-01-04,4,12
1,10.3,5.14494343455834,52.0964297699541,2015-01-04,5,6
1,10.3,5.14494343455834,52.0964297699541,2015-01-04,6,31
1,10.3,5.14494343455834,52.0964297699541,2015-01-04,7,25
1,10.3,5.14494343455834,52.0964297699541,2015-01-04,8,44
1,10.3,5.14494343455834,52.0964297699541,2015-01-04,9,76
1,10.3,5.14494343455834,52.0964297699541,2015-01-04,10,126
1,10.3,5.14494343455834,52.0964297699541,2015-01-04,11,115
1,10.3,5.14494343455834,52.0964297699541,2015-01-04,12,155
1,10.3,5.14494343455834,52.0964297699541,2015-01-04,13,198
1,10.3,5.14494343455834,52.0964297699541,2015-01-04,14,202
1,10.3,5.14494343455834,52.0964297699541,2015-01-04,15,178
1,10.3,5.14494343455834,52.0964297699541,2015-01-04,16,190
1,10.3,5.14494343455834,52.0964297699541,2015-01-04,17,152
